7479 3635 1
20460 3635 1
19950 3635 1
1715 3635 1
142 3635 1
5710 3635 1
9572 3635 1
16592 3635 1
15826 3635 1
20981 3635 1
4881 3635 1
16545 3635 1
19162 3635 1
10023 3635 1
14153 3635 1
21405 3635 1
2703 3635 1
3635 3635 1
21245 3635 1
19481 3635 1
2291 3635 1
20278 3635 1
14523 3635 1
13693 3635 1
19470 3635 1
12465 3635 1
11588 3635 1
1715 14153 1
17760 14153 1
7245 14153 1
21828 14153 1
734 14153 1
3553 14153 1
19950 14153 1
15418 14153 1
14773 14153 1
5447 14153 1
21359 14153 1
10690 14153 1
14921 14153 1
12732 14153 1
4071 14153 1
3635 14153 1
2023 14153 1
18334 14153 1
9951 14153 1
15926 14153 1
15698 14153 1
20460 14153 1
11993 14153 1
4347 14153 1
19790 14153 1
13498 14153 1
19078 14153 1
3076 14153 1
20293 14153 1
1170 14153 1
20953 14153 1
20142 14153 1
10708 14153 1
21094 14153 1
15826 14153 1
19102 14153 1
14144 14153 1
5627 14153 1
116 14153 1
15897 14153 1
7088 14153 1
18364 14153 1
13538 14153 1
15083 14153 1
7479 14153 1
1755 14153 1
9140 14153 1
13392 14153 1
6883 14153 1
2061 14153 1
17493 14153 1
13772 14153 1
4162 14153 1
4820 14153 1
20981 14153 1
7455 14153 1
21245 14153 1
4881 14153 1
6538 14153 1
1992 14153 1
19481 14153 1
13424 14153 1
17706 14153 1
15685 14153 1
8433 14153 1
12878 14153 1
5254 14153 1
6703 14153 1
12410 14153 1
6127 14153 1
19162 14153 1
21073 14153 1
4167 14153 1
19470 14153 1
17142 14153 1
10050 14153 1
18492 14153 1
7562 14153 1
9346 14153 1
14268 14153 1
12465 14153 1
21519 14153 1
506 14153 1
16722 14153 1
5864 14153 1
9606 14153 1
8188 14153 1
12597 14153 1
7746 14153 1
8195 14153 1
13847 14153 1
6467 14153 1
13568 14153 1
8541 14153 1
5421 14153 1
19837 14153 1
4595 14153 1
3380 14153 1
17801 14153 1
18850 14153 1
20494 14153 1
12711 14153 1
4525 14153 1
1230 13772 1
9140 13772 1
20142 13772 1
13568 13772 1
15083 13772 1
19481 13772 1
5627 13772 1
19364 13772 1
10708 13772 1
3076 13772 1
19837 13772 1
4595 13772 1
17856 13772 1
21245 13772 1
3745 13772 1
1755 13772 1
14076 13772 1
5254 13772 1
12878 13772 1
16537 13772 1
13991 13772 1
15527 13772 1
6883 13772 1
16321 13772 1
17493 13772 1
4820 13772 1
7245 13772 1
4167 13772 1
7455 13772 1
14153 13772 1
4162 13772 1
19162 13772 1
3406 13772 1
10710 13772 1
8188 13772 1
142 3076 1
3635 3076 1
13366 3076 1
11639 3076 1
17142 3076 1
20460 3076 1
5406 3076 1
9140 3076 1
17694 3076 1
21359 3076 1
10690 3076 1
12732 3076 1
20775 3076 1
19102 3076 1
17497 3076 1
3256 3076 1
6137 3076 1
3167 3076 1
14153 3076 1
21405 3076 1
15698 3076 1
20142 3076 1
5627 3076 1
17180 3076 1
18364 3076 1
21094 3076 1
5254 3076 1
8368 3076 1
4821 3076 1
15826 3076 1
19005 3076 1
6232 3076 1
70 3076 1
13772 3076 1
10708 3076 1
4881 3076 1
19716 3076 1
4167 3076 1
4820 3076 1
6703 3076 1
12941 3076 1
16537 3076 1
5710 3076 1
15991 3076 1
17588 3076 1
7479 3076 1
19837 3076 1
16229 3076 1
17770 3076 1
19481 3076 1
19162 3076 1
21245 3076 1
4112 3076 1
1715 7245 1
12970 7245 1
2023 7245 1
11639 7245 1
5313 7245 1
14921 7245 1
13366 7245 1
19950 7245 1
20460 7245 1
3553 7245 1
16773 7245 1
4881 7245 1
8293 7245 1
9304 7245 1
7088 7245 1
15083 7245 1
19078 7245 1
5447 7245 1
8507 7245 1
20775 7245 1
13498 7245 1
4071 7245 1
9140 7245 1
16400 7245 1
17694 7245 1
12732 7245 1
18334 7245 1
7245 7245 1
16592 7245 1
6137 7245 1
15698 7245 1
4432 7245 1
3256 7245 1
2348 7245 1
7479 7245 1
12878 7245 1
14268 7245 1
10708 7245 1
13991 7245 1
5627 7245 1
4167 7245 1
19162 7245 1
17770 7245 1
5254 7245 1
19425 7245 1
17142 7245 1
2791 7245 1
18364 7245 1
13772 7245 1
283 7245 1
4820 7245 1
10132 7245 1
14076 7245 1
4595 7245 1
20054 7245 1
21354 7245 1
4029 7245 1
15527 7245 1
21405 7245 1
21315 7245 1
6703 7245 1
10927 7245 1
20293 7245 1
15685 7245 1
2703 7245 1
20644 7245 1
12000 7245 1
15476 7245 1
7042 7245 1
19615 7245 1
10135 7245 1
10315 7245 1
3908 7245 1
4645 7245 1
3635 7245 1
14523 7245 1
19470 7245 1
14153 7245 1
40 7245 1
19837 7245 1
15218 7245 1
12461 7245 1
20172 7245 1
18190 7245 1
19481 7245 1
20278 7245 1
116 7245 1
14753 7245 1
21532 7245 1
7826 7245 1
9105 7245 1
13693 7245 1
20494 7245 1
21322 7245 1
2953 6703 1
5627 6703 1
19837 6703 1
7121 6703 1
6739 6703 1
12848 6703 1
3635 6703 1
12587 6703 1
10708 6703 1
19910 6703 1
4235 6703 1
3076 6703 1
4112 6703 1
20520 6703 1
8592 6703 1
16545 6703 1
16321 6703 1
2340 6703 1
5254 6703 1
13532 6703 1
13693 6703 1
4821 6703 1
2635 6703 1
18364 6703 1
8005 6703 1
4162 6703 1
20997 6703 1
21405 6703 1
10132 6703 1
4820 6703 1
14153 6703 1
20981 6703 1
2933 6703 1
4432 6703 1
6538 6703 1
4881 6703 1
5710 6703 1
8188 6703 1
10927 6703 1
13424 6703 1
10154 6703 1
6181 6703 1
6703 6703 1
4665 6703 1
8368 6703 1
6254 6703 1
2785 6703 1
17737 6703 1
11807 6703 1
17619 6703 1
40 6703 1
18280 6703 1
3073 6703 1
19443 6703 1
20983 6703 1
8894 6703 1
15826 6703 1
20293 6703 1
17142 6703 1
3230 6703 1
2703 6703 1
19481 6703 1
15856 6703 1
21245 6703 1
6061 6703 1
13550 6703 1
3203 6703 1
8564 6703 1
2856 6703 1
9845 6703 1
8916 6703 1
13231 6703 1
20727 6703 1
12878 6703 1
20488 6703 1
878 6703 1
3018 6703 1
19364 6703 1
2600 6703 1
4029 6703 1
13853 6703 1
14197 6703 1
7319 6703 1
20460 21094 1
2023 21094 1
14921 21094 1
5627 21094 1
3635 21094 1
3553 21094 1
4881 21094 1
5254 21094 1
20775 21094 1
19162 21094 1
17694 21094 1
4167 21094 1
8188 21094 1
9572 21094 1
21405 21094 1
12732 21094 1
5208 21094 1
17989 21094 1
15698 21094 1
8057 21094 1
6137 21094 1
9951 21094 1
3076 21094 1
15826 21094 1
14153 21094 1
3380 21094 1
10311 21094 1
18365 21094 1
14194 21094 1
4821 21094 1
7479 21094 1
2348 21094 1
4820 21094 1
8894 21094 1
3073 21094 1
21322 21094 1
3844 21094 1
18695 21094 1
2022 21094 1
12005 21094 1
21715 21094 1
7633 21094 1
11335 21094 1
19837 21094 1
14499 21094 1
20494 21094 1
14949 21094 1
2201 21094 1
2992 21094 1
13853 21094 1
12136 19162 1
7479 19162 1
2023 19162 1
20533 19162 1
8293 19162 1
19950 19162 1
20727 19162 1
14788 19162 1
3553 19162 1
3076 19162 1
16400 19162 1
4881 19162 1
20460 19162 1
1170 19162 1
20775 19162 1
7826 19162 1
4217 19162 1
15897 19162 1
7121 19162 1
9572 19162 1
6137 19162 1
4167 19162 1
12732 19162 1
15698 19162 1
16592 19162 1
18334 19162 1
21094 19162 1
12970 19162 1
10023 19162 1
19078 19162 1
4595 19162 1
21201 19162 1
20142 19162 1
12878 19162 1
5627 19162 1
10159 19162 1
15217 19162 1
7245 19162 1
70 19162 1
5254 19162 1
3635 19162 1
4820 19162 1
17142 19162 1
10708 19162 1
13532 19162 1
21354 19162 1
13772 19162 1
10132 19162 1
14153 19162 1
14076 19162 1
5943 19162 1
14371 19162 1
16545 19162 1
15527 19162 1
20054 19162 1
16219 19162 1
21405 19162 1
8057 19162 1
6127 19162 1
9105 19162 1
10154 19162 1
20293 19162 1
5313 19162 1
19481 19162 1
15476 19162 1
9075 19162 1
6061 19162 1
13231 19162 1
13693 19162 1
19470 19162 1
283 19162 1
10315 19162 1
16229 19162 1
1072 19162 1
11736 19162 1
14773 19162 1
20172 19162 1
12465 19162 1
1927 19162 1
21817 13991 1
1715 13991 1
6137 13991 1
480 13991 1
142 13991 1
1230 13991 1
13366 13991 1
17760 13991 1
2348 13991 1
8293 13991 1
20636 13991 1
9304 13991 1
14980 13991 1
20142 13991 1
10708 13991 1
11803 13991 1
5447 13991 1
19078 13991 1
8507 13991 1
20775 13991 1
13498 13991 1
9140 13991 1
18334 13991 1
14921 13991 1
12970 13991 1
6596 13991 1
19364 13991 1
7245 13991 1
10311 13991 1
5627 13991 1
14278 13991 1
13353 13991 1
2294 13991 1
7479 13991 1
17588 13991 1
8592 13991 1
1755 13991 1
13772 13991 1
4112 13991 1
15991 13991 1
4167 13991 1
5254 13991 1
19837 13991 1
16321 13991 1
9474 13991 1
2785 13991 1
627 13991 1
10132 13991 1
3406 13991 1
3745 13991 1
11477 13991 1
3073 13991 1
1715 12465 1
20460 12465 1
15897 12465 1
21201 12465 1
116 12465 1
10154 12465 1
4881 12465 1
4167 12465 1
8057 12465 1
9140 12465 1
16219 12465 1
9105 12465 1
14076 12465 1
21354 12465 1
1992 12465 1
21405 12465 1
13424 12465 1
2703 12465 1
16266 12465 1
5576 12465 1
6254 12465 1
13693 12465 1
9638 12465 1
21203 12465 1
20355 12465 1
21245 12465 1
7487 12465 1
14773 12465 1
21532 12465 1
19481 12465 1
17499 12465 1
19470 12465 1
18492 12465 1
506 12465 1
14153 12465 1
19746 12465 1
20172 12465 1
13664 12465 1
19837 12465 1
4595 12465 1
9192 12465 1
19162 12465 1
3635 12465 1
8609 12465 1
1715 15826 1
15698 15826 1
19078 15826 1
7479 15826 1
19950 15826 1
11639 15826 1
12465 15826 1
20533 15826 1
2023 15826 1
13366 15826 1
3167 15826 1
15761 15826 1
14788 15826 1
20460 15826 1
14921 15826 1
8293 15826 1
1992 15826 1
4881 15826 1
9140 15826 1
10708 15826 1
4820 15826 1
19837 15826 1
9572 15826 1
17694 15826 1
5406 15826 1
18334 15826 1
6137 15826 1
19162 15826 1
4071 15826 1
4347 15826 1
3635 15826 1
17328 15826 1
21094 15826 1
16229 15826 1
19481 15826 1
7121 15826 1
17142 15826 1
19102 15826 1
4029 15826 1
5627 15826 1
12448 15826 1
20981 15826 1
14153 15826 1
20953 15826 1
20035 15826 1
3076 15826 1
13224 15826 1
735 15826 1
871 15826 1
14789 15826 1
6863 15826 1
12801 15826 1
5014 15826 1
20366 15826 1
8817 15826 1
21469 15826 1
14197 15826 1
1715 7088 1
1230 7088 1
4167 7088 1
15698 7088 1
13366 7088 1
20636 7088 1
13568 7088 1
19950 7088 1
14980 7088 1
3167 7088 1
6137 7088 1
19481 7088 1
7245 7088 1
21094 7088 1
20533 7088 1
14194 7088 1
4071 7088 1
14921 7088 1
5627 7088 1
19065 7088 1
14153 7088 1
18063 7088 1
7479 7088 1
70 7088 1
19837 7088 1
9889 7088 1
3605 7088 1
16537 7088 1
5254 7088 1
21245 7088 1
116 7088 1
19019 7088 1
10132 7088 1
11477 7088 1
3073 7088 1
1715 3073 1
15826 3073 1
15991 3073 1
8188 3073 1
13991 3073 1
21245 3073 1
7088 3073 1
10927 3073 1
6711 3073 1
5313 3073 1
283 3073 1
3989 3073 1
3908 3073 1
2022 3073 1
21094 3073 1
18870 3073 1
2992 3073 1
19950 19481 1
1715 19481 1
15698 19481 1
17694 19481 1
12465 19481 1
20533 19481 1
4167 19481 1
14773 19481 1
7088 19481 1
16229 19481 1
10708 19481 1
12478 19481 1
13568 19481 1
20460 19481 1
12878 19481 1
13772 19481 1
14153 19481 1
19496 19481 1
3076 19481 1
19162 19481 1
4881 19481 1
8188 19481 1
3406 19481 1
4820 19481 1
21405 19481 1
10132 19481 1
17142 19481 1
20293 19481 1
6703 19481 1
21245 19481 1
15543 19481 1
17917 19481 1
14371 19481 1
3635 19481 1
5254 19481 1
9140 19481 1
15685 19481 1
11477 19481 1
4432 19481 1
283 19481 1
3018 19481 1
15476 19481 1
2703 19481 1
3908 19481 1
19470 19481 1
1270 19481 1
14613 19481 1
10080 19481 1
8724 19481 1
5447 19481 1
19837 19481 1
18365 19481 1
7216 19481 1
7245 19481 1
5837 19481 1
14499 19481 1
40 19481 1
7066 19481 1
5022 19481 1
19364 19481 1
13693 19481 1
5627 19481 1
19950 5254 1
18138 5254 1
13498 5254 1
13353 5254 1
20775 5254 1
14194 5254 1
12970 5254 1
4071 5254 1
18364 5254 1
4595 5254 1
4347 5254 1
13991 5254 1
5627 5254 1
4167 5254 1
9474 5254 1
19162 5254 1
15008 5254 1
70 5254 1
13772 5254 1
3605 5254 1
12481 5254 1
970 5254 1
16537 5254 1
10132 5254 1
19481 5254 1
21245 5254 1
10756 5254 1
8188 5254 1
7088 5254 1
10927 5254 1
20278 5254 1
7081 5254 1
15527 5254 1
8195 5254 1
14624 5254 1
16321 5254 1
3745 5254 1
3191 5254 1
13693 5254 1
6648 5254 1
7042 5254 1
4432 5254 1
4029 5254 1
21715 5254 1
11477 5254 1
5313 5254 1
7733 5254 1
9140 5254 1
5337 5254 1
13568 5254 1
878 5254 1
7630 5254 1
19837 5254 1
3018 5254 1
10689 5254 1
8114 5254 1
21061 5254 1
19364 5254 1
283 5254 1
16647 5254 1
20494 5254 1
19529 5254 1
20727 5254 1
12000 5254 1
1715 5627 1
14773 5627 1
2023 5627 1
10629 5627 1
21094 5627 1
7088 5627 1
20727 5627 1
1927 5627 1
10708 5627 1
9304 5627 1
3380 5627 1
20460 5627 1
12732 5627 1
3018 5627 1
19837 5627 1
15698 5627 1
4167 5627 1
20142 5627 1
10690 5627 1
19102 5627 1
21245 5627 1
16422 5627 1
12878 5627 1
12478 5627 1
3073 5627 1
7245 5627 1
16537 5627 1
15083 5627 1
15476 5627 1
19162 5627 1
13991 5627 1
18364 5627 1
5254 5627 1
14977 5627 1
15870 5627 1
14121 5627 1
10159 5627 1
14274 5627 1
5751 5627 1
9113 5627 1
268 5627 1
2652 5627 1
3018 3018 1
4071 3018 1
14194 3018 1
14499 3018 1
116 3018 1
3908 3018 1
18743 3018 1
15218 3018 1
21431 3018 1
4480 3018 1
16948 3018 1
4345 3018 1
11334 3018 1
1715 11477 1
14921 11477 1
13366 11477 1
14788 11477 1
15698 11477 1
5627 11477 1
70 11477 1
1755 11477 1
9140 11477 1
9889 11477 1
15527 11477 1
13991 11477 1
21245 11477 1
8195 11477 1
7088 11477 1
18365 11477 1
20494 11477 1
19481 11477 1
11124 11477 1
283 11477 1
4432 11477 1
4029 11477 1
19837 11477 1
3406 11477 1
5254 11477 1
878 11477 1
21715 11477 1
18870 11477 1
19162 5313 1
7245 5313 1
10927 5313 1
13693 5313 1
3073 5313 1
14326 5313 1
3018 5313 1
21542 5313 1
4432 5313 1
14778 5313 1
7042 5313 1
13568 5313 1
15476 5313 1
9007 5313 1
4029 5313 1
19837 5313 1
7800 5313 1
5254 5313 1
15218 5313 1
19103 5313 1
5337 5313 1
11172 5313 1
21715 5313 1
6262 5313 1
14533 5313 1
7081 5313 1
16948 5313 1
17787 5313 1
10315 5313 1
5677 5313 1
9756 5313 1
2906 5313 1
11449 5313 1
18850 5313 1
18870 5313 1
15171 5313 1
9140 3745 1
3018 3745 1
15826 3745 1
18563 3745 1
11993 3745 1
3076 3745 1
9474 3745 1
10708 3745 1
5995 3745 1
13772 3745 1
4432 3745 1
21245 3745 1
4595 3745 1
11807 3745 1
7826 3745 1
754 3745 1
13387 3745 1
5254 3745 1
7081 3745 1
3908 3745 1
20278 3745 1
283 3745 1
12740 3745 1
878 3745 1
15812 3745 1
2600 3745 1
17593 3745 1
10927 3745 1
20494 3745 1
19529 3745 1
1715 20488 1
21593 20488 1
5627 20488 1
20520 20488 1
4820 20488 1
5254 20488 1
19102 20488 1
15826 20488 1
19005 20488 1
17142 20488 1
1072 20488 1
3532 20488 1
10159 20488 1
11449 20488 1
3076 17142 1
2023 17142 1
14153 17142 1
18563 17142 1
18364 17142 1
20953 17142 1
19837 17142 1
20520 17142 1
17341 17142 1
2340 17142 1
7245 17142 1
14076 17142 1
8005 17142 1
20981 17142 1
4820 17142 1
8646 17142 1
8195 17142 1
10132 17142 1
4162 17142 1
19481 17142 1
4432 17142 1
19162 17142 1
18399 17142 1
21245 17142 1
1499 17142 1
6703 17142 1
14192 17142 1
19102 17142 1
21384 17142 1
10927 17142 1
4645 17142 1
2933 17142 1
2948 17142 1
15476 17142 1
17737 17142 1
16647 17142 1
10710 17142 1
20488 17142 1
19005 17142 1
15856 17142 1
10315 17142 1
20142 14194 1
6781 14194 1
5254 14194 1
9140 14194 1
18334 14194 1
4071 14194 1
18364 14194 1
15083 14194 1
7088 14194 1
10927 14194 1
3230 14194 1
19470 14194 1
12692 14194 1
19103 14194 1
19383 14194 1
3191 14194 1
14272 14194 1
5313 14194 1
754 14194 1
14268 14194 1
15978 14194 1
20636 14194 1
17083 14194 1
5027 14194 1
18498 14194 1
19659 14194 1
17115 14194 1
5059 14194 1
4342 14194 1
20402 14194 1
8011 14194 1
18695 14194 1
15184 14194 1
21431 14194 1
3989 14194 1
15543 14194 1
14880 14194 1
6262 14194 1
21532 14194 1
4319 14194 1
5447 14194 1
3018 14194 1
20462 14194 1
5837 14194 1
8114 14194 1
20812 14194 1
1200 14194 1
10787 14194 1
8564 14194 1
2564 14194 1
3635 7479 1
21817 7479 1
11639 7479 1
21094 7479 1
17694 7479 1
1715 7479 1
20533 7479 1
2023 7479 1
19950 7479 1
20460 7479 1
6137 7479 1
10690 7479 1
3256 7479 1
19162 7479 1
9304 7479 1
1291 7479 1
14153 7479 1
13772 7479 1
5254 7479 1
9094 7479 1
9474 7479 1
14788 7479 1
19716 7479 1
13991 7479 1
15008 7479 1
4167 7479 1
16537 7479 1
70 7479 1
13366 7479 1
7088 7479 1
19837 7479 1
21499 7479 1
3908 7479 1
8188 20278 1
4595 20278 1
10927 20278 1
8195 20278 1
21073 20278 1
5254 20278 1
21245 20278 1
3073 20278 1
3745 20278 1
3635 20278 1
8989 20278 1
1120 20278 1
4432 20278 1
2938 20278 1
18492 20278 1
7800 20278 1
5382 20278 1
8945 20278 1
17393 20278 1
19746 20278 1
20817 20278 1
10365 20278 1
2022 20278 1
11871 20278 1
5427 20278 1
18190 20278 1
20913 20278 1
21431 20278 1
3989 20278 1
20715 20278 1
19481 20278 1
8980 20278 1
149 20278 1
12989 20278 1
17016 20278 1
6092 20278 1
12262 20278 1
14365 20278 1
21499 20278 1
16401 20278 1
13568 20278 1
3262 20278 1
17096 20278 1
6262 20278 1
20665 20278 1
13902 20278 1
21532 20278 1
17583 20278 1
7958 20278 1
7126 20278 1
5106 20278 1
21376 20278 1
14274 20278 1
9797 20278 1
21627 20278 1
7630 20278 1
21641 20278 1
18365 20278 1
2535 20278 1
7216 20278 1
11931 20278 1
7245 20278 1
18948 20278 1
12021 20278 1
2267 20278 1
4930 20278 1
15475 20278 1
1789 20278 1
458 20278 1
1200 20278 1
10787 20278 1
9244 20278 1
19796 20278 1
9756 20278 1
19364 20278 1
12268 20278 1
2856 20278 1
20727 20278 1
12136 17694 1
1715 17694 1
9920 17694 1
9140 17694 1
19162 17694 1
15698 17694 1
19481 17694 1
3635 17694 1
14153 17694 1
10708 17694 1
3553 17694 1
8293 17694 1
16400 17694 1
18767 17694 1
20533 17694 1
4820 17694 1
3076 17694 1
1992 17694 1
14773 17694 1
10690 17694 1
19364 17694 1
12732 17694 1
19078 17694 1
9572 17694 1
7245 17694 1
15826 17694 1
18334 17694 1
4071 17694 1
15083 17694 1
21094 17694 1
7121 17694 1
13498 17694 1
19837 17694 1
12970 17694 1
8592 17694 1
18364 17694 1
17694 17694 1
19128 20460 1
3635 20460 1
21817 20460 1
1715 20460 1
7479 20460 1
1230 20460 1
14921 20460 1
15698 20460 1
11639 20460 1
13366 20460 1
734 20460 1
19078 20460 1
20727 20460 1
14788 20460 1
7245 20460 1
19950 20460 1
12465 20460 1
4881 20460 1
3076 20460 1
10690 20460 1
2023 20460 1
19162 20460 1
10708 20460 1
5627 20460 1
20533 20460 1
15897 20460 1
6137 20460 1
3256 20460 1
4167 20460 1
14153 20460 1
19837 20460 1
9140 20460 1
21405 20460 1
16422 20460 1
17856 20460 1
18364 20460 1
12295 20460 1
19481 20460 1
7245 4820 1
5406 4820 1
12136 4820 1
16400 4820 1
1170 4820 1
2348 4820 1
19078 4820 1
2023 4820 1
18364 4820 1
17588 4820 1
3076 4820 1
12848 4820 1
10708 4820 1
4881 4820 1
21094 4820 1
8571 4820 1
19162 4820 1
12878 4820 1
19837 4820 1
19481 4820 1
20520 4820 1
13606 4820 1
13772 4820 1
16321 4820 1
19102 4820 1
14153 4820 1
735 4820 1
20981 4820 1
17142 4820 1
6538 4820 1
19005 4820 1
6863 4820 1
14789 4820 1
15826 4820 1
15673 4820 1
4029 4820 1
9210 4820 1
21817 13366 1
1715 13366 1
1230 13366 1
3596 13366 1
2348 13366 1
2023 13366 1
15826 13366 1
19950 13366 1
18138 13366 1
20460 13366 1
13991 13366 1
9304 13366 1
9140 13366 1
13498 13366 1
3745 13366 1
2621 13366 1
7479 13366 1
20520 13366 1
12136 3167 1
1715 3167 1
7479 3167 1
10708 3167 1
19950 3167 1
6137 3167 1
20533 3167 1
20460 3167 1
13366 3167 1
3635 3167 1
4372 3167 1
4881 3167 1
14980 3167 1
4820 3167 1
5254 3167 1
15826 3167 1
14921 3167 1
7088 3167 1
17989 3167 1
15698 3167 1
3076 3167 1
10888 7800 1
19471 7800 1
19837 7800 1
13185 7800 1
18636 7800 1
20636 7800 1
5313 7800 1
2595 7800 1
10159 7800 1
5872 7800 1
13664 7800 1
15407 7800 1
20278 7800 1
21203 7800 1
11482 7800 1
4832 7800 1
878 7800 1
3018 7800 1
17787 7800 1
18948 7800 1
10191 7800 1
17917 7800 1
17864 7800 1
2906 7800 1
2136 7800 1
6950 7800 1
14272 7800 1
17100 7800 1
15826 754 1
5254 754 1
3605 754 1
12295 754 1
19837 754 1
8188 754 1
19481 754 1
21208 754 1
20165 754 1
9771 754 1
11807 754 1
19263 754 1
14371 754 1
22155 754 1
14194 754 1
7800 754 1
20636 754 1
9845 754 1
18498 754 1
19746 754 1
15064 754 1
21431 754 1
12005 754 1
18741 754 1
149 754 1
6092 754 1
321 754 1
4932 754 1
17668 754 1
5106 754 1
5415 754 1
2535 754 1
16948 754 1
20462 754 1
17303 754 1
19938 754 1
4930 754 1
7826 754 1
10787 754 1
14624 754 1
13568 4071 1
7245 4071 1
20775 4071 1
5254 4071 1
15826 4071 1
17694 4071 1
3018 4071 1
14194 4071 1
20953 4071 1
2348 4071 1
19837 4071 1
9140 4071 1
19078 4071 1
18364 4071 1
12970 4071 1
21817 14921 1
1715 14921 1
20460 14921 1
2023 14921 1
9140 14921 1
10708 14921 1
5254 14921 1
16412 14921 1
13498 14921 1
13779 14921 1
3167 14921 1
19837 14921 1
15698 14921 1
7088 14921 1
6137 14921 1
13991 14921 1
1239 15585 1
15407 15585 1
14533 15585 1
10912 15585 1
5751 15585 1
6743 15585 1
20165 15585 1
18743 15585 1
2992 15585 1
11860 15585 1
13853 15585 1
13991 6137 1
21817 6137 1
1715 6137 1
20533 6137 1
1230 6137 1
13366 6137 1
15698 6137 1
1992 6137 1
4881 6137 1
20142 6137 1
4820 6137 1
7088 6137 1
20775 6137 1
20460 6137 1
10708 6137 1
14921 6137 1
4167 6137 1
19162 6137 1
3076 6137 1
15826 6137 1
16592 6137 1
7245 6137 1
21094 6137 1
21201 6137 1
10690 6137 1
7479 6137 1
19102 6137 1
518 6137 1
3059 6137 1
6137 6137 1
12257 6137 1
14949 6137 1
2856 6137 1
18916 6137 1
19837 6137 1
3191 6137 1
14773 6137 1
13353 6137 1
9140 6137 1
15407 6137 1
878 6137 1
8138 6137 1
19425 6137 1
40 6137 1
7826 6137 1
11449 6137 1
16647 6137 1
13693 6137 1
6743 6137 1
18870 6137 1
8609 6137 1
21817 15698 1
1715 15698 1
7479 15698 1
12478 15698 1
11477 15698 1
2023 15698 1
20533 15698 1
13366 15698 1
20460 15698 1
7088 15698 1
7245 15698 1
19950 15698 1
20727 15698 1
14153 15698 1
19481 15698 1
10708 15698 1
5254 15698 1
15826 15698 1
14921 15698 1
19162 15698 1
3167 15698 1
21094 15698 1
4167 15698 1
6137 15698 1
3076 15698 1
7826 15698 1
1715 9140 1
19950 9140 1
4881 9140 1
3256 9140 1
4167 9140 1
13991 9140 1
12970 9140 1
16592 9140 1
20460 9140 1
4071 9140 1
18484 9140 1
21073 9140 1
3406 9140 1
20494 9140 1
5254 9140 1
5313 9140 1
12461 9140 1
12021 9140 1
10315 9140 1
3447 9140 1
458 9140 1
9244 9140 1
283 9140 1
6137 9140 1
1992 19102 1
7122 19102 1
5469 19102 1
5627 19102 1
6137 19102 1
6620 19102 1
14153 19102 1
20520 19102 1
20488 19102 1
4820 19102 1
8646 19102 1
17737 19102 1
11807 19102 1
10132 19102 1
17142 19102 1
1072 19102 1
15856 19102 1
2572 19102 1
16400 5710 1
21094 5710 1
7479 5710 1
142 5710 1
3635 5710 1
6805 5710 1
19078 5710 1
3553 5710 1
12136 5710 1
14773 5710 1
13288 5710 1
16295 5710 1
17694 5710 1
15826 5710 1
12878 5710 1
1170 5710 1
14153 5710 1
10708 5710 1
5627 5710 1
12848 5710 1
4167 5710 1
3076 5710 1
19837 5710 1
8592 5710 1
16321 5710 1
4881 5710 1
5254 5710 1
18364 5710 1
2933 5710 1
13606 5710 1
10132 5710 1
735 5710 1
21245 5710 1
20981 5710 1
6703 5710 1
4820 5710 1
15217 5710 1
10154 5710 1
10023 5710 1
20577 5710 1
17099 15218 1
7800 15218 1
5313 15218 1
16722 15218 1
13353 15218 1
15756 15218 1
2022 15218 1
17188 15218 1
12461 15218 1
14317 15218 1
5337 15218 1
6648 15218 1
13568 15218 1
12740 15218 1
5447 15218 1
14533 15218 1
2508 15218 1
14274 15218 1
878 15218 1
918 15218 1
168 15218 1
19837 15218 1
3018 15218 1
18365 15218 1
2535 15218 1
19350 15218 1
8138 15218 1
3447 15218 1
8889 15218 1
8715 15218 1
15812 15218 1
5677 15218 1
9007 15218 1
10349 15218 1
19934 15218 1
3908 15218 1
20494 15218 1
47 15218 1
19529 15218 1
6706 18484 1
8614 18484 1
6883 18484 1
1715 4167 1
7088 4167 1
734 4167 1
19950 4167 1
12465 4167 1
20636 4167 1
15698 4167 1
18767 4167 1
19481 4167 1
2023 4167 1
9140 4167 1
20533 4167 1
16722 4167 1
10708 4167 1
19078 4167 1
4217 4167 1
12732 4167 1
21094 4167 1
3256 4167 1
20460 4167 1
19162 4167 1
16592 4167 1
4432 4167 1
1291 4167 1
18364 4167 1
7826 4167 1
20142 4167 1
5627 4167 1
20953 4167 1
10690 4167 1
3073 4167 1
15083 4167 1
5254 4167 1
8188 4167 1
7245 4167 1
16295 4167 1
3076 4167 1
19837 4167 1
1755 4167 1
10023 4167 1
7487 4167 1
20520 4167 1
13991 4167 1
11826 4167 1
17493 4167 1
3406 4167 1
13772 4167 1
7479 4167 1
14153 4167 1
21405 4167 1
12295 4167 1
116 4167 1
16219 4167 1
4595 4167 1
20981 4167 1
20622 4167 1
10154 4167 1
15826 21245 1
5627 21245 1
3635 21245 1
13772 21245 1
16647 21245 1
10023 21245 1
3076 21245 1
7088 21245 1
2340 21245 1
10708 21245 1
12000 21245 1
18364 21245 1
17142 21245 1
20997 21245 1
21354 21245 1
12878 21245 1
8188 21245 1
10132 21245 1
3073 21245 1
6703 21245 1
14076 21245 1
16545 21245 1
2703 21245 1
21405 21245 1
14371 21245 1
15527 21245 1
4595 21245 1
8057 21245 1
11477 21245 1
4432 21245 1
6254 21245 1
19481 21245 1
8195 21245 1
3745 21245 1
9349 21245 1
10154 21245 1
13693 21245 1
19470 21245 1
5943 21245 1
9075 21245 1
5254 21245 1
15834 21245 1
17099 21245 1
19837 506 1
14268 506 1
18492 506 1
7800 506 1
18386 506 1
5864 506 1
7548 506 1
5943 506 1
7633 506 1
3752 506 1
5751 506 1
2535 506 1
7216 506 1
20462 506 1
17500 506 1
20812 506 1
16794 506 1
8544 506 1
13991 20636 1
1715 20636 1
11639 20636 1
734 20636 1
19950 20636 1
7088 20636 1
4167 20636 1
2348 20636 1
13568 20636 1
10708 20636 1
9304 20636 1
4595 20636 1
9779 20636 1
506 20636 1
7800 20636 1
15978 20636 1
10023 20636 1
14613 20636 1
17083 20636 1
18498 20636 1
10159 20636 1
12461 20636 1
11871 20636 1
21431 20636 1
20715 20636 1
19481 20636 1
9346 20636 1
8724 20636 1
13026 20636 1
8980 20636 1
15407 20636 1
1421 20636 1
9349 20636 1
8241 20636 1
3262 20636 1
6262 20636 1
20665 20636 1
3752 20636 1
7126 20636 1
5106 20636 1
14533 20636 1
19837 20636 1
19097 20636 1
14499 20636 1
3447 20636 1
19586 20636 1
15560 20636 1
9244 20636 1
5162 20636 1
5677 20636 1
18132 20636 1
2564 20636 1
14043 20636 1
2992 20636 1
1715 4881 1
12465 4881 1
19078 4881 1
20460 4881 1
16400 4881 1
19162 4881 1
10154 4881 1
3635 4881 1
9178 4881 1
15826 4881 1
18334 4881 1
4820 4881 1
4345 4881 1
10023 4881 1
13606 4881 1
13532 4881 1
15217 4881 1
4162 4881 1
5710 4881 1
20293 4881 1
6538 4881 1
9140 18365 1
15698 18365 1
9304 18365 1
17694 18365 1
2023 18365 1
21094 18365 1
18364 18365 1
10927 18365 1
13353 18365 1
15218 18365 1
13664 18365 1
21431 18365 1
19481 18365 1
12021 18365 1
8715 18365 1
5022 18365 1
16422 2023 1
1715 2023 1
5627 2023 1
7245 2023 1
19162 2023 1
19078 2023 1
20533 2023 1
19950 2023 1
15826 2023 1
14921 2023 1
19790 14268 1
5627 14268 1
7245 14268 1
10708 14268 1
15472 14268 1
10132 14268 1
16545 14268 1
20165 14268 1
10154 14268 1
21073 14268 1
17493 14268 1
11588 14268 1
12410 14268 1
6316 14268 1
11124 14268 1
15418 14268 1
17180 14268 1
21519 14268 1
18492 14268 1
506 14268 1
7447 14268 1
10135 14268 1
11503 14268 1
14153 14268 1
5014 14268 1
19659 14268 1
1608 14268 1
3854 14268 1
13664 14268 1
13847 14268 1
116 14268 1
6648 14268 1
21469 14268 1
21532 14268 1
8541 14268 1
4862 14268 1
19837 14268 1
7216 14268 1
20355 14268 1
4595 14268 1
12245 14268 1
7826 14268 1
13693 14268 1
2791 14268 1
18743 14268 1
9771 14268 1
10708 15897 1
20460 15897 1
19162 15897 1
11260 15897 1
21499 15897 1
17211 15897 1
5627 12478 1
6061 12478 1
15933 12478 1
14197 12478 1
3745 3262 1
10927 3262 1
9794 3262 1
8195 3262 1
19837 3262 1
3203 3262 1
4432 3262 1
5382 3262 1
13353 3262 1
13367 3262 1
21401 3262 1
20715 3262 1
9388 3262 1
20278 3262 1
10535 3262 1
2776 3262 1
878 3262 1
14594 3262 1
11558 3262 1
20462 3262 1
11873 3262 1
3778 3262 1
47 3262 1
19529 3262 1
15933 12268 1
6883 14371 1
20165 14371 1
15608 14371 1
10132 14371 1
22137 14371 1
12711 14371 1
13664 14371 1
9075 14371 1
8507 14371 1
19879 14371 1
10135 14371 1
754 14371 1
14773 14371 1
5943 14371 1
7826 14371 1
19162 14371 1
2992 14371 1
10132 12295 1
15083 4595 1
19837 4595 1
5627 4595 1
17856 4595 1
18364 4595 1
10708 4595 1
13772 4595 1
5254 4595 1
1755 4595 1
15527 4595 1
7245 4595 1
10132 4595 1
4167 4595 1
17493 4595 1
8188 4595 1
21073 4595 1
20278 4595 1
955 4595 1
283 4595 1
17474 4595 1
19162 4595 1
21245 4595 1
7826 4595 1
12711 4595 1
15685 4595 1
12472 4595 1
6013 4595 1
2992 4595 1
16837 4595 1
7455 4595 1
14268 4595 1
12465 4595 1
16711 4595 1
506 4595 1
20636 4595 1
11503 4595 1
14153 4595 1
5864 4595 1
3854 4595 1
5943 4595 1
20715 4595 1
3794 4595 1
10315 4595 1
8293 13568 1
1927 13568 1
9304 13568 1
20533 13568 1
12478 13568 1
5254 13568 1
19481 13568 1
14144 13568 1
15527 13568 1
20278 13568 1
5313 13568 1
16837 13568 1
15218 13568 1
19701 13568 1
20366 13568 1
12461 13568 1
3854 13568 1
11871 13568 1
20913 13568 1
21431 13568 1
116 13568 1
20590 13568 1
12262 13568 1
21532 13568 1
7958 13568 1
7126 13568 1
5106 13568 1
15685 13568 1
12578 13568 1
878 13568 1
4183 13568 1
1754 13568 1
10191 13568 1
9963 13568 1
17593 13568 1
50 13568 1
17504 13568 1
3908 13568 1
3076 2132 1
15826 2132 1
7088 2132 1
10710 2132 1
4378 2132 1
21245 2132 1
16796 2132 1
19481 2132 1
18722 2132 1
9192 2132 1
9963 2132 1
9140 20953 1
4071 20953 1
7121 20953 1
17142 20953 1
10690 20953 1
14153 20953 1
4167 20953 1
18563 20953 1
15826 20953 1
15969 20953 1
19837 20953 1
18484 6706 1
14272 6706 1
15969 6706 1
19103 8681 1
16975 8681 1
16436 8681 1
11335 8681 1
19097 8681 1
5269 8681 1
13693 12878 1
7245 12878 1
5627 12878 1
19162 12878 1
12848 12878 1
19837 12878 1
21245 12878 1
13772 12878 1
20981 12878 1
4820 12878 1
15217 12878 1
14153 12878 1
735 12878 1
20293 12878 1
3908 12878 1
627 22155 1
19837 22155 1
5254 22155 1
7826 22155 1
10092 22155 1
3745 22155 1
12692 22155 1
3073 22155 1
754 22155 1
1239 22155 1
20636 22155 1
14194 22155 1
20622 22155 1
21431 22155 1
7126 22155 1
4832 22155 1
3018 22155 1
20462 22155 1
1789 22155 1
7245 4432 1
4167 4432 1
15083 4432 1
2348 4432 1
3745 4432 1
13353 4432 1
14778 4432 1
11477 4432 1
8195 4432 1
878 4432 1
14192 4432 1
8724 4432 1
19837 4432 1
8507 4432 1
5627 16537 1
70 16537 1
19837 16537 1
13772 16537 1
283 16537 1
16321 16537 1
5254 16537 1
4881 20981 1
1170 20981 1
4820 20981 1
18563 20981 1
20981 20981 1
15826 20981 1
15096 20981 1
16229 20981 1
10023 20981 1
12878 20981 1
8646 20981 1
13606 20981 1
13532 20981 1
17142 20981 1
5710 20981 1
4167 20981 1
19005 10315 1
2901 10315 1
9869 10315 1
3908 10315 1
14523 10315 1
19837 10315 1
5313 10315 1
14613 10315 1
2022 10315 1
20172 10315 1
5943 10315 1
21532 10315 1
18722 10315 1
8541 10315 1
7126 10315 1
14274 10315 1
970 10315 1
12021 10315 1
12245 10315 1
9244 10315 1
15472 10315 1
2906 10315 1
11449 10315 1
2992 10315 1
10581 10315 1
3167 14980 1
11925 3908 1
14533 3908 1
12692 3908 1
3018 3908 1
21542 3908 1
4029 3908 1
15527 3908 1
5946 3908 1
12878 3908 1
15218 3908 1
21942 3908 1
15374 3908 1
13568 3908 1
6262 3908 1
15476 3908 1
878 3908 1
12402 3908 1
2338 3908 1
15933 3908 1
3397 3908 1
14708 3908 1
11449 3908 1
10420 3908 1
377 3908 1
47 3908 1
6711 3908 1
11807 3908 1
13374 3908 1
10581 3908 1
14272 3908 1
14197 3908 1
4525 3908 1
4981 5447 1
18498 5447 1
15218 5447 1
2022 5447 1
7548 5447 1
15064 5447 1
19481 5447 1
20278 5447 1
6428 5447 1
13376 5447 1
13568 5447 1
57 5447 1
6262 5447 1
1926 5447 1
4636 5447 1
14533 5447 1
7901 5447 1
9797 5447 1
3019 5447 1
9113 5447 1
19586 5447 1
8114 5447 1
5677 5447 1
9756 5447 1
19364 5447 1
2564 5447 1
18000 5447 1
8823 5447 1
14043 5447 1
1013 18492 1
4162 18492 1
5908 18492 1
20745 18492 1
4585 18492 1
18492 18492 1
20652 18492 1
20221 18492 1
8564 18492 1
14153 18492 1
4029 18492 1
19837 18492 1
19879 18492 1
8484 18492 1
14268 18492 1
1035 18492 1
14238 18492 1
13538 18492 1
506 18492 1
11503 18492 1
15418 18492 1
5014 18492 1
1127 18492 1
20278 18492 1
1940 18492 1
6579 18492 1
14880 18492 1
17500 18492 1
6845 18492 1
3397 18492 1
17341 18492 1
19796 18492 1
2600 18492 1
13201 18492 1
14043 18492 1
955 18492 1
11026 18492 1
12692 21715 1
10159 21715 1
5313 21715 1
13664 21715 1
11449 21715 1
21134 21715 1
18870 21715 1
11477 21715 1
15826 22076 1
1583 22076 1
19128 19950 1
3635 19950 1
1715 19950 1
18767 19950 1
8293 19950 1
1230 19950 1
7088 19950 1
2023 19950 1
9140 19950 1
10708 19950 1
5254 19950 1
13366 19950 1
9304 19950 1
7245 19950 1
20636 19950 1
3256 19950 1
4167 19950 1
14153 19950 1
734 19950 1
20727 19950 1
15698 19950 1
11639 19950 1
20460 19950 1
20533 19950 1
1230 8188 1
19950 8188 1
4167 8188 1
1755 8188 1
7455 8188 1
21245 8188 1
13772 8188 1
8188 8188 1
5254 8188 1
10927 8188 1
16722 8188 1
21532 8188 1
19837 8188 1
5254 15969 1
18364 15969 1
6706 15969 1
5254 12000 1
16321 12000 1
970 12000 1
3367 12000 1
4378 12000 1
8138 12000 1
7500 12000 1
878 12000 1
15812 12000 1
7245 9304 1
7479 9304 1
1715 9304 1
5627 9304 1
19950 9304 1
13498 9304 1
13538 9304 1
6061 9304 1
7088 878 1
12970 878 1
12000 878 1
4378 878 1
17025 878 1
2938 878 1
13353 878 1
5337 878 1
7326 878 1
14845 878 1
17801 878 1
7977 878 1
8823 878 1
19529 878 1
19837 19837 1
12970 19837 1
4071 19837 1
20097 19837 1
6352 19837 1
6466 19837 1
2600 19837 1
7304 19837 1
12878 13693 1
6703 13693 1
10708 13693 1
19162 13693 1
20293 13693 1
18365 13693 1
10927 13693 1
6254 13693 1
14192 13693 1
17493 13693 1
8195 13693 1
19470 13693 1
5313 13693 1
16647 13693 1
3404 13693 1
4378 13693 1
6526 13693 1
3635 13693 1
14692 13693 1
21715 13693 1
5254 13693 1
14268 13693 1
15585 13693 1
13353 13693 1
1608 13693 1
19481 13693 1
12740 13693 1
14533 13693 1
878 13693 1
7245 13693 1
17500 13693 1
8138 13693 1
40 13693 1
7826 13693 1
9007 13693 1
6137 13693 1
47 13693 1
12000 13693 1
20577 20718 1
18636 20718 1
2785 20718 1
10135 20718 1
1608 20718 1
18334 20718 1
878 20718 1
20859 20718 1
5677 20718 1
5627 7455 1
15083 7455 1
19837 7455 1
1755 7455 1
13772 7455 1
16018 7455 1
10293 7455 1
14194 7455 1
5313 7455 1
3880 7455 1
5014 7455 1
5864 7455 1
16350 7455 1
10271 7455 1
3794 7455 1
10975 7455 1
5292 7455 1
2023 16422 1
20533 16422 1
20460 16422 1
5627 16422 1
19837 16422 1
677 16422 1
16422 16422 1
12000 3367 1
16537 70 1
5254 70 1
7088 70 1
11449 70 1
8293 13498 1
17694 13498 1
9304 13498 1
7826 13498 1
13991 13498 1
5254 13498 1
7245 13498 1
12970 13498 1
16592 13498 1
1291 13498 1
3256 13498 1
1715 10708 1
20533 10708 1
19078 10708 1
19950 10708 1
3076 10708 1
20460 10708 1
4167 10708 1
3256 10708 1
20142 10708 1
5627 10708 1
13772 10708 1
19162 10708 1
283 10708 1
13693 10708 1
12878 10708 1
13353 10708 1
15218 10708 1
5337 10708 1
21715 10708 1
8868 10708 1
13933 10708 1
9007 10708 1
21405 19470 1
10927 19470 1
20494 19470 1
13693 19470 1
19481 19470 1
14153 19470 1
15685 19470 1
3018 19470 1
21203 19470 1
2703 19470 1
7042 19470 1
21359 19470 1
9105 19470 1
15476 19470 1
16647 19470 1
21532 19470 1
14523 19470 1
14773 19470 1
10969 19470 1
20221 19470 1
18636 19470 1
545 19470 1
10750 19470 1
21721 19470 1
16135 19470 1
17083 19470 1
8433 19470 1
20714 19470 1
10365 19470 1
8976 19470 1
9604 19470 1
6466 19470 1
20997 19470 1
70 19470 1
878 19470 1
2267 19470 1
15658 19470 1
10975 19470 1
15933 19470 1
13933 19470 1
14338 19470 1
4598 19470 1
2600 19470 1
18865 19470 1
3635 19470 1
14066 19470 1
18870 19470 1
18427 19470 1
2992 19470 1
12998 19470 1
3908 13829 1
18364 15991 1
70 15991 1
16321 15991 1
9474 15991 1
4112 15991 1
3059 11503 1
14268 11503 1
17180 11503 1
21519 11503 1
18492 11503 1
7800 11503 1
10135 11503 1
5014 11503 1
14613 11503 1
21623 11503 1
12005 11503 1
10271 11503 1
16565 11503 1
1940 11503 1
20997 11503 1
5421 11503 1
19837 11503 1
15658 11503 1
3380 11503 1
40 11503 1
7066 11503 1
17329 11503 1
18834 11503 1
11802 11503 1
8654 11503 1
15472 11503 1
5022 11503 1
6743 11503 1
13991 1715 1
7245 1715 1
21817 1715 1
11639 1715 1
20533 1715 1
20460 1715 1
19078 1715 1
4167 1715 1
3635 1715 1
15008 1715 1
20636 1715 1
7479 1715 1
19950 1715 1
3256 1715 1
9304 1715 1
2023 1715 1
9920 1715 1
10004 14238 1
18492 14238 1
15826 14238 1
12801 14238 1
13163 14238 1
18334 14238 1
7746 14238 1
11254 14238 1
17353 14238 1
10010 14238 1
4248 14238 1
4642 14238 1
16647 14238 1
20636 2348 1
5254 15527 1
11477 15527 1
4595 15527 1
13772 15527 1
283 15527 1
20054 15527 1
14708 15527 1
21405 15527 1
7245 15527 1
17728 15527 1
19162 15527 1
21245 15527 1
13568 15527 1
6711 15527 1
6869 15527 1
8945 15527 1
1608 15527 1
19364 15527 1
19746 15527 1
1239 15527 1
3908 15527 1
19837 15527 1
8745 15527 1
2938 15527 1
10927 11736 1
22155 11736 1
5908 11736 1
8507 11736 1
9075 11736 1
3793 11736 1
18741 11736 1
19103 11736 1
20652 11736 1
7826 11736 1
14371 11736 1
19162 11736 1
2022 11736 1
21715 11736 1
8931 11736 1
9192 11736 1
16010 11736 1
6254 6254 1
8541 6254 1
3018 6254 1
2023 40 1
16592 40 1
9474 40 1
70 40 1
853 40 1
3635 40 1
14773 40 1
16400 40 1
13538 40 1
12000 40 1
21354 40 1
16545 40 1
19481 40 1
283 40 1
21405 40 1
2992 40 1
4585 40 1
6127 40 1
14332 40 1
7081 40 1
9349 40 1
15685 40 1
10135 40 1
6703 40 1
3059 40 1
19615 40 1
15472 40 1
40 40 1
10154 40 1
15476 40 1
16229 40 1
17917 40 1
20172 40 1
7245 40 1
8484 40 1
18636 40 1
11503 40 1
15418 40 1
16722 40 1
1120 40 1
58 40 1
15756 40 1
12481 40 1
2022 40 1
9140 40 1
14753 40 1
13568 40 1
3390 40 1
4743 40 1
5421 40 1
18916 40 1
168 40 1
3018 40 1
2535 40 1
8681 40 1
12245 40 1
19425 40 1
10191 40 1
20812 40 1
3397 40 1
8654 40 1
9495 40 1
19796 40 1
5677 40 1
9756 40 1
2906 40 1
1690 40 1
11449 40 1
7483 40 1
9869 40 1
13693 40 1
6137 40 1
4551 40 1
18743 40 1
13374 40 1
11860 40 1
13853 40 1
16592 13538 1
40 13538 1
9304 13538 1
18636 13538 1
2600 13538 1
116 13538 1
8484 13538 1
10080 13538 1
7548 13538 1
15407 13538 1
15543 13538 1
6648 13538 1
11456 13538 1
4335 13538 1
16266 13424 1
5014 8916 1
19659 8916 1
7800 2535 1
9606 2535 1
15218 2535 1
21715 2535 1
3018 2535 1
16948 2535 1
3019 2535 1
12245 2535 1
15933 2535 1
4551 2535 1
10690 6711 1
3073 6711 1
11357 6711 1
1826 6711 1
5396 6711 1
14212 6711 1
16222 6711 1
2572 6711 1
15527 6711 1
4162 6711 1
2781 6711 1
2136 6711 1
16611 6711 1
6869 6711 1
5564 6711 1
11807 6711 1
5342 6711 1
14778 6711 1
6061 6711 1
20097 6711 1
15027 6711 1
3908 6711 1
1715 20727 1
19162 20727 1
20460 20727 1
19950 20727 1
5627 20727 1
4432 20727 1
8564 20727 1
14192 20727 1
2426 20727 1
2329 20727 1
16873 20727 1
6738 5337 1
13353 5337 1
878 5337 1
9007 5337 1
13201 5337 1
4010 5337 1
19857 5337 1
19529 5337 1
19481 5022 1
18365 5022 1
19364 5022 1
8592 19910 1
12848 9474 1
40 9474 1
9094 9474 1
5254 9474 1
2621 9474 1
15991 9474 1
19162 4217 1
4167 4217 1
16537 16321 1
12000 16321 1
5254 16321 1
283 16321 1
1715 15008 1
12732 15008 1
14278 15008 1
5254 15008 1
7479 15008 1
20766 15008 1
18190 15008 1
21971 15008 1
16986 21073 1
20278 21073 1
3191 4029 1
3230 4029 1
17004 4029 1
6061 4029 1
4432 4029 1
3908 4029 1
18762 4029 1
10315 4029 1
15606 4029 1
3174 4029 1
15476 4029 1
10987 4029 1
4598 4029 1
20460 10690 1
17694 10690 1
20953 10690 1
3256 10690 1
5627 10690 1
6711 10690 1
16592 10690 1
18743 10092 1
15933 9779 1
1715 20533 1
2023 20533 1
19162 20533 1
19950 20533 1
16422 20533 1
17694 20533 1
19481 20533 1
13568 20533 1
4167 20533 1
20460 20533 1
7088 20533 1
17500 5924 1
10092 18743 1
20097 18743 1
5837 18743 1
9113 17393 1
5014 9506 1
5014 19140 1
3393 19140 1
18863 19140 1
3018 9010 1
878 7612 1
8544 10216 1
4133 17902 1
1940 17902 1
12578 1589 1
22137 1589 1
7455 16711 1
8544 16711 1
16975 16711 1
21715 16711 1
4595 16711 1
8226 620 1
18498 4319 1
1789 4319 1
8889 4319 1
20142 1608 1
17152 1608 1
15969 1608 1
5943 1608 1
2361 1608 1
15527 1608 1
10750 1608 1
5014 1608 1
6466 1608 1
20718 1608 1
5627 10135 1
10154 10135 1
40 10135 1
11736 10135 1
5837 10135 1
9075 10135 1
10132 10135 1
2992 10135 1
19879 10135 1
4565 10135 1
754 10135 1
20718 10135 1
18741 10135 1
1104 10135 1
14268 10135 1
11503 10135 1
3386 10135 1
5943 10135 1
8541 10135 1
14533 10135 1
18014 10135 1
14274 10135 1
16948 10135 1
20355 10135 1
16324 10135 1
11873 10135 1
7826 10135 1
9756 10135 1
14773 10135 1
3778 10135 1
50 10135 1
283 10135 1
21134 10135 1
18870 10135 1
19837 283 1
6738 283 1
16537 283 1
15078 283 1
10708 283 1
15527 283 1
16321 283 1
3406 283 1
10132 283 1
40 283 1
955 283 1
13387 283 1
4595 283 1
11807 283 1
13036 283 1
19481 283 1
3073 283 1
19162 283 1
21542 283 1
16810 283 1
15834 283 1
3745 283 1
1104 283 1
10135 283 1
14692 283 1
14274 283 1
923 283 1
9963 283 1
19934 283 1
3908 283 1
18870 283 1
13686 283 1
4029 283 1
18057 7464 1
1347 20355 1
10023 20355 1
10154 20355 1
9075 20355 1
7826 20355 1
1104 20355 1
5677 20355 1
14268 20355 1
21519 20355 1
10135 20355 1
11503 20355 1
14613 20355 1
116 20355 1
754 20355 1
16948 20355 1
15472 20355 1
14773 20355 1
14949 20355 1
2992 20355 1
14493 7826 1
3553 7826 1
9140 7826 1
4071 7826 1
16722 7826 1
21359 7826 1
14921 7826 1
13498 7826 1
18897 7826 1
13353 7826 1
20775 7826 1
10708 7826 1
13893 7826 1
12732 7826 1
15698 7826 1
4347 7826 1
4167 7826 1
5254 7826 1
19837 7826 1
10132 7826 1
3745 7826 1
20355 7826 1
16259 7826 1
8507 7826 1
9075 7826 1
17754 7826 1
754 7826 1
10154 7826 1
14268 7826 1
10135 7826 1
15585 7826 1
5313 7826 1
8478 7826 1
12005 7826 1
18741 7826 1
21532 7826 1
4595 7826 1
5677 7826 1
14773 7826 1
3778 7826 1
19162 7826 1
14371 7826 1
13693 7826 1
6137 7826 1
20165 7826 1
2992 7826 1
19162 10023 1
17917 10023 1
21245 10023 1
8592 10023 1
16545 10023 1
15217 10023 1
13532 10023 1
15472 10023 1
8005 10023 1
10132 10023 1
4167 10023 1
20636 10023 1
19481 10023 1
3018 10023 1
7826 10023 1
11449 10023 1
12465 14773 1
15826 14773 1
17694 14773 1
21201 14773 1
19162 14773 1
40 14773 1
16010 14773 1
21405 14773 1
19481 14773 1
20745 14773 1
9075 14773 1
19103 14773 1
6620 14773 1
14949 14773 1
19879 14773 1
19470 14773 1
19837 14773 1
20165 14773 1
6137 14773 1
10135 14773 1
10154 14773 1
20355 14773 1
7826 14773 1
14371 14773 1
2992 14773 1
20981 8057 1
2785 8057 1
19162 8057 1
21245 8057 1
13693 18741 1
19481 18741 1
11736 18741 1
4565 18741 1
10135 18741 1
19879 18741 1
7826 18741 1
13163 18741 1
18729 18741 1
15978 8724 1
15756 8724 1
12005 8724 1
20715 8724 1
19481 8724 1
9346 8724 1
8980 8724 1
16350 8724 1
13129 8724 1
15374 8724 1
6648 8724 1
9349 8724 1
11335 8724 1
6877 8724 1
8541 8724 1
14274 8724 1
10891 8724 1
14628 8724 1
13466 8724 1
21627 8724 1
16948 8724 1
10689 8724 1
12245 8724 1
2901 8724 1
2992 8724 1
12848 13532 1
14076 13532 1
16545 13532 1
4162 13532 1
1347 13532 1
19481 13532 1
6703 13532 1
10023 13532 1
4881 13532 1
15217 13532 1
20981 13532 1
8144 13532 1
19162 13532 1
8005 13532 1
1013 13532 1
13606 13532 1
878 21359 1
970 21359 1
16592 16545 1
19162 16545 1
13532 16545 1
10023 16545 1
10154 16545 1
16545 16545 1
3745 9075 1
11736 9075 1
5943 9075 1
3203 9075 1
20355 9075 1
21798 9075 1
21245 9075 1
14371 9075 1
19162 9075 1
14773 9075 1
10135 9075 1
5676 9075 1
18741 4565 1
19879 4565 1
754 4565 1
10135 4565 1
8931 4565 1
9192 4565 1
15539 4565 1
4167 1291 1
15083 1291 1
13498 1291 1
6739 1291 1
5872 9192 1
878 9192 1
8931 9192 1
1776 9192 1
11860 9192 1
4881 16400 1
19162 16400 1
17694 16400 1
7245 16400 1
853 16400 1
40 16400 1
18364 16400 1
17474 16400 1
19364 16400 1
16975 5480 1
14274 5480 1
21073 5943 1
9075 5943 1
18057 5943 1
20652 5943 1
1608 5943 1
19162 5943 1
506 5943 1
5382 5943 1
10135 5943 1
14613 5943 1
10154 5943 1
12461 5943 1
3989 5943 1
1984 5943 1
7958 5943 1
6869 5943 1
5415 5943 1
12021 5943 1
4595 5943 1
10315 5943 1
8138 5943 1
8715 5943 1
19364 5943 1
10216 5943 1
14371 5943 1
19934 5943 1
9140 20165 1
7826 20165 1
14371 20165 1
754 20165 1
21094 3553 1
17694 3553 1
20753 8623 1
3719 15717 1
11393 15717 1
1608 15717 1
8541 15717 1
10171 15717 1
10581 955 1
13853 955 1
14121 955 1
5837 5837 1
18743 5837 1
19481 5837 1
8184 5837 1
1104 14949 1
2992 14949 1
923 3203 1
19837 3203 1
21322 3203 1
5946 3203 1
21715 8931 1
878 8931 1
9192 8931 1
11860 8931 1
21132 13466 1
16975 13466 1
5313 13466 1
18909 13466 1
18695 13466 1
21715 13466 1
6262 13466 1
19661 13466 1
11882 13466 1
10891 13466 1
17500 13466 1
19879 13466 1
14753 14274 1
6262 14274 1
10191 14274 1
5480 14274 1
20429 14274 1
1715 3256 1
1230 3256 1
19950 3256 1
9140 3256 1
10708 3256 1
3996 3256 1
4167 3256 1
18334 3256 1
7245 3256 1
3076 3256 1
15083 3256 1
13498 3256 1
10690 3256 1
20460 3256 1
10135 1104 1
20355 1104 1
9612 1104 1
5677 1104 1
283 1104 1
18740 1104 1
14949 1104 1
2992 1104 1
2792 7500 1
15756 7500 1
8195 7500 1
21431 7500 1
15530 7500 1
3261 7500 1
57 7500 1
11726 7500 1
5106 7500 1
14628 7500 1
878 7500 1
15812 7500 1
13853 7500 1
7245 116 1
7088 116 1
4167 116 1
13538 116 1
16350 116 1
3018 116 1
19481 3406 1
16321 3406 1
16986 3406 1
970 3406 1
4167 3406 1
10154 3406 1
283 3406 1
17619 3406 1
13772 3406 1
10132 3406 1
10927 3406 1
4432 3406 1
9140 3406 1
8195 3406 1
13353 3406 1
4029 3406 1
11477 3406 1
2329 3406 1
16061 3406 1
14192 3406 1
3203 3406 1
2896 3406 1
878 3406 1
17593 3406 1
3908 3406 1
47 3406 1
19529 3406 1
10315 14523 1
15933 21798 1
13629 21798 1
11807 11124 1
16810 11124 1
3174 11124 1
9140 8507 1
13664 8507 1
10159 8507 1
4432 8507 1
11124 16810 1
16061 16810 1
2938 16810 1
19529 16810 1
15826 6964 1
21245 6964 1
12465 6964 1
10912 11157 1
13768 11157 1
10132 17706 1
6127 17706 1
17706 17706 1
10080 17706 1
19069 17706 1
14268 21519 1
6087 21519 1
14040 21519 1
12005 21519 1
20590 21519 1
7126 21519 1
16948 21519 1
20355 21519 1
2267 21519 1
4642 21519 1
8114 21519 1
21431 9797 1
5106 9797 1
21584 9797 1
5174 9797 1
19586 9797 1
9963 9797 1
5254 8195 1
10927 8195 1
20278 8195 1
14192 8195 1
6061 8195 1
5872 8195 1
21006 8195 1
13939 8195 1
9304 6061 1
12478 6061 1
2862 6061 1
8195 6061 1
13340 6061 1
15471 6061 1
16611 6061 1
8558 6061 1
6869 6061 1
20097 6061 1
20368 6061 1
6711 6061 1
4372 11807 1
10132 11807 1
19102 11807 1
1563 11807 1
12295 11807 1
6703 11807 1
5632 11807 1
283 11807 1
11124 11807 1
6711 11807 1
17668 11807 1
3908 11807 1
5254 4347 1
19470 16647 1
16837 16647 1
20997 16647 1
1698 860 1
8541 860 1
19837 860 1
2267 860 1
10132 16219 1
4167 16219 1
10315 16219 1
14523 15472 1
10365 15472 1
3738 15472 1
18916 15472 1
40 15472 1
7066 15472 1
19796 15472 1
5677 15472 1
19364 15472 1
18508 15472 1
8823 15472 1
18870 15472 1
19837 21532 1
3019 21532 1
10315 21532 1
9105 6579 1
14268 6579 1
14697 6579 1
116 6579 1
20462 6579 1
16106 6579 1
3397 6579 1
8654 6579 1
19950 18767 1
17694 18767 1
4167 18767 1
13664 18767 1
2906 18767 1
8609 18767 1
7487 6127 1
10132 6127 1
17706 6127 1
7455 6127 1
16018 6127 1
18909 14613 1
5943 14613 1
7216 14613 1
12021 14613 1
13933 14613 1
8473 14613 1
17801 14613 1
19364 14613 1
18057 14613 1
16647 14613 1
7630 4017 1
5837 21322 1
8729 21322 1
21078 21322 1
19837 21322 1
3203 21322 1
5342 21322 1
17004 21322 1
878 21322 1
7081 16010 1
8868 16010 1
5751 16010 1
16975 15978 1
14692 15978 1
19490 15978 1
6466 15978 1
19837 15978 1
3018 15978 1
16948 15978 1
2338 15978 1
1317 15978 1
7245 21405 1
19162 21405 1
13606 21405 1
4167 21405 1
21405 21405 1
10132 21405 1
21354 21405 1
12465 21405 1
7800 3844 1
19746 3844 1
16647 3844 1
6316 20038 1
1715 1927 1
8293 1927 1
16611 1927 1
19837 1927 1
2992 1927 1
15585 1927 1
12478 1927 1
15218 1927 1
927 1927 1
2896 1927 1
3889 1927 1
3854 1927 1
7548 1927 1
13568 1927 1
3742 1927 1
3180 1927 1
14533 1927 1
15969 1927 1
9797 1927 1
10912 1927 1
3018 1927 1
12681 1927 1
15933 1927 1
5677 1927 1
2710 1927 1
5022 1927 1
9869 1927 1
19162 1927 1
13559 1927 1
11334 1927 1
13704 1927 1
14772 1927 1
19934 1927 1
16647 1927 1
4580 1927 1
6743 1927 1
9601 1927 1
12711 1927 1
10724 1927 1
18427 1927 1
397 1927 1
18747 1927 1
21322 1927 1
2562 3977 1
8089 3977 1
5178 18233 1
8614 14977 1
12809 8856 1
14192 16986 1
2856 2992 1
14949 2992 1
3778 2992 1
2938 2992 1
10135 2992 1
1104 2992 1
15585 2992 1
5313 2992 1
7548 2992 1
14533 2992 1
5162 2992 1
14773 2992 1
14371 2992 1
6137 2992 1
12523 2992 1
18870 2992 1
3073 2992 1
20165 2992 1
14197 2992 1
15802 11057 1
21181 50 1
15933 50 1
2564 50 1
18254 21054 1
17417 21054 1
13564 21054 1
17309 21054 1
2600 21054 1
3018 12402 1
7042 12402 1
3908 12402 1
5222 12402 1
210 12402 1
22038 12402 1
3390 8114 1
7126 8114 1
16948 8114 1
12021 8114 1
3447 8114 1
20636 14499 1
18498 14499 1
1120 14499 1
14533 14499 1
3018 14499 1
10689 14499 1
18948 14499 1
17801 14499 1
11449 14499 1
19308 14499 1
12732 9951 1
18743 20097 1
8405 20097 1
2163 20097 1
6711 20097 1
19837 20097 1
754 14624 1
878 14624 1
7800 4832 1
17368 4832 1
13779 19637 1
20745 7522 1
1072 7522 1
14987 21203 1
6467 21203 1
20264 21203 1
13547 14150 1
10365 5415 1
5943 5415 1
8541 5415 1
20590 10888 1
7464 10888 1
12692 10888 1
2951 12245 1
14268 12245 1
18498 12245 1
11567 12245 1
14533 12245 1
14274 12245 1
2535 12245 1
13499 12245 1
13784 12245 1
11334 12245 1
16647 12245 1
9771 12245 1
1801 15184 1
15887 15184 1
8782 15184 1
16819 15184 1
3690 15184 1
7633 15184 1
13939 15184 1
16662 15184 1
18014 15184 1
3844 11802 1
21006 7692 1
18160 7692 1
16106 7692 1
10191 7692 1
2933 6863 1
58 6863 1
18870 6863 1
1587 245 1
11807 5632 1
6087 10750 1
14483 10750 1
18386 10750 1
11393 10750 1
3844 10750 1
16454 10750 1
17153 10750 1
2562 10750 1
5737 10750 1
5406 10750 1
19837 10750 1
3076 12732 1
5254 12732 1
17694 12732 1
5627 12732 1
19162 12732 1
4167 12732 1
21094 12732 1
19162 15476 1
5313 15476 1
13853 15476 1
4029 15476 1
9771 15476 1
21078 15476 1
5792 15476 1
16150 15476 1
17606 15476 1
3908 15476 1
377 15476 1
18386 13666 1
20590 9572 1
19162 9572 1
10912 9905 1
14121 1789 1
57 1789 1
16948 1789 1
10494 16454 1
19837 16454 1
5837 18386 1
16454 18386 1
8089 18386 1
10365 18386 1
20366 18386 1
21203 18386 1
878 18386 1
19837 18386 1
13666 18386 1
4981 18386 1
19078 13353 1
878 13353 1
5294 13353 1
47 13353 1
8729 13353 1
16592 10154 1
3406 10154 1
5710 10154 1
10154 10154 1
4585 10154 1
8507 10154 1
40 10154 1
17004 10154 1
15585 10154 1
3650 10154 1
2022 10154 1
17681 10154 1
21006 10154 1
21431 10154 1
5943 10154 1
11402 10154 1
15543 10154 1
17397 10154 1
13157 10154 1
878 10154 1
7216 10154 1
19796 10154 1
18850 21078 1
17025 21078 1
21322 21078 1
17004 21078 1
15476 21078 1
15407 21078 1
11860 21078 1
1715 1230 1
20520 15560 1
10365 15560 1
12681 15560 1
19796 15560 1
5014 19131 1
21715 12523 1
15933 12523 1
8823 12523 1
2992 12523 1
13271 8980 1
13189 8980 1
8226 8980 1
19746 8980 1
21431 8980 1
17243 8980 1
8002 8980 1
6466 8980 1
13129 8980 1
15428 8980 1
149 8980 1
16819 8980 1
10535 8980 1
15530 8980 1
11335 8980 1
8992 8980 1
4832 8980 1
19837 8980 1
11931 8980 1
18880 8980 1
735 4743 1
19837 4743 1
40 4743 1
20812 4743 1
9800 22137 1
14371 22137 1
1589 22137 1
2022 22137 1
2564 22137 1
6743 8719 1
11057 15802 1
13585 20461 1
6013 6743 1
1239 6743 1
17004 6743 1
15585 6743 1
10159 6743 1
2022 6743 1
21431 6743 1
8719 6743 1
7066 6743 1
18850 6743 1
8184 6743 1
6137 6743 1
47 6743 1
18870 6743 1
2901 6743 1
10581 6743 1
13853 6743 1
878 5294 1
13353 5294 1
1999 1992 1
15897 1992 1
5627 1992 1
16400 1992 1
4881 1992 1
10708 1992 1
9572 1992 1
17694 1992 1
9304 1992 1
14773 1992 1
18484 1992 1
19102 1992 1
10132 1992 1
21405 1992 1
8138 1992 1
878 1992 1
1104 1992 1
3018 1992 1
7066 1992 1
18492 20652 1
955 20652 1
10154 20652 1
17329 21476 1
3203 5382 1
5946 5382 1
1104 5382 1
5943 5382 1
21627 5382 1
3019 5382 1
19350 5382 1
14949 5382 1
2992 5382 1
5014 21006 1
5006 21006 1
20025 21006 1
4133 21006 1
149 21006 1
20590 21006 1
13157 21006 1
9191 21006 1
9963 21006 1
19786 6122 1
8868 6122 1
3018 6122 1
11558 6122 1
7483 6122 1
5014 8226 1
19837 8226 1
20976 12005 1
545 12005 1
11503 12005 1
19490 12005 1
8817 12005 1
13129 12005 1
10535 12005 1
20590 12005 1
18536 12005 1
16948 12005 1
20462 12005 1
18734 12005 1
8719 12005 1
8715 12005 1
19796 12005 1
17801 12005 1
19364 12005 1
1940 9639 1
1104 9612 1
18492 8484 1
6579 8484 1
19879 8484 1
4598 8484 1
2600 14562 1
2862 6869 1
18948 6869 1
6768 6869 1
15527 6869 1
6061 6869 1
7040 6869 1
18427 14338 1
20366 1244 1
13664 1244 1
16350 1244 1
6466 1244 1
20462 1244 1
21078 18850 1
18636 18850 1
5294 18850 1
22038 18850 1
19837 2630 1
3908 12692 1
8650 12692 1
5837 12692 1
21542 12692 1
12578 8939 1
5415 4551 1
3908 47 1
13353 47 1
14708 47 1
15826 19005 1
19005 19005 1
18399 19005 1
17737 19005 1
10315 19005 1
1072 19005 1
11357 19005 1
16876 19005 1
2572 19005 1
6061 19005 1
21946 19005 1
13366 20520 1
19102 15856 1
19005 15856 1
10159 15856 1
15856 17737 1
19102 17737 1
19005 17737 1
2948 17737 1
18636 17737 1
20488 12806 1
12848 12806 1
8005 12806 1
12461 458 1
20812 458 1
1715 11639 1
15826 11639 1
1230 11639 1
21094 11639 1
20636 11639 1
20460 11639 1
19950 11639 1
20488 15953 1
19837 15953 1
1072 15953 1
5294 15953 1
13784 15953 1
4260 15953 1
878 17500 1
7548 17500 1
14753 17500 1
15969 17500 1
5924 17500 1
2693 17500 1
16061 17500 1
7800 5421 1
16975 5421 1
5342 5421 1
18233 5421 1
18190 5421 1
6948 5421 1
8644 5421 1
1926 5421 1
168 5421 1
19837 5421 1
3018 5421 1
11558 5421 1
18948 5421 1
12021 5421 1
15636 5421 1
40 5421 1
458 5421 1
9244 5421 1
15078 1196 1
19447 1196 1
8650 19383 1
18348 19383 1
14152 58 1
18948 58 1
6863 58 1
1207 8005 1
10023 8005 1
13532 8005 1
860 7447 1
17637 7447 1
8541 7447 1
8447 7447 1
20981 8646 1
19102 8646 1
10710 8646 1
2572 10159 1
21715 10159 1
20488 10159 1
19102 1072 1
19005 1072 1
22038 536 1
10689 536 1
14977 10710 1
21748 10710 1
2572 10710 1
4378 10710 1
878 10710 1
2693 10710 1
19162 7121 1
15826 7121 1
6711 5342 1
6648 5342 1
7070 5342 1
10912 5342 1
2267 5342 1
14499 5342 1
18399 18399 1
4642 17341 1
11449 17341 1
7216 10912 1
12870 10912 1
15826 5406 1
15953 4260 1
19187 4260 1
5294 21946 1
21099 21946 1
19005 11357 1
2572 11357 1
16452 19366 1
15171 2564 1
1385 16611 1
3203 16611 1
2572 16611 1
6061 16611 1
6711 16611 1
17180 17083 1
8391 17083 1
8976 17083 1
21469 17083 1
18160 17083 1
16305 9442 1
20460 18364 1
4071 18364 1
15969 18364 1
16400 18364 1
21431 15475 1
9113 15475 1
20429 21593 1
13853 21593 1
6869 18948 1
17983 18948 1
7040 18948 1
11558 19308 1
13559 19308 1
5014 6214 1
12005 6214 1
149 6214 1
5565 6214 1
12578 6214 1
7088 9889 1
8151 8410 1
21201 21354 1
40 21354 1
7245 21354 1
19162 21354 1
21405 21354 1
12465 21354 1
3203 7081 1
7500 7081 1
12461 7081 1
18190 7081 1
14753 7081 1
18160 7081 1
14274 7081 1
878 7081 1
7216 7081 1
12021 7081 1
20812 7081 1
17388 7081 1
11449 7081 1
10581 7081 1
13853 7081 1
7242 7081 1
16061 7081 1
7088 19019 1
10132 19019 1
12970 14708 1
15527 14708 1
3908 14708 1
7733 14708 1
47 14708 1
18364 17770 1
12295 10132 1
3245 10132 1
16810 13201 1
12478 13201 1
15756 13201 1
5337 13201 1
14533 13201 1
14628 13201 1
20859 13201 1
16975 14317 1
15218 14317 1
57 14317 1
12578 14317 1
10615 14317 1
4362 14317 1
10191 14317 1
1789 14317 1
8114 14317 1
18916 18746 1
878 18746 1
8989 19586 1
17188 19586 1
18190 19586 1
20715 19586 1
7126 19586 1
14533 19586 1
9797 19586 1
11558 19586 1
19308 19586 1
13010 4112 1
15991 4112 1
15008 20766 1
6711 20766 1
5222 20766 1
16975 20766 1
12481 20766 1
3018 20766 1
15933 20766 1
17593 20766 1
20429 20766 1
3908 20766 1
2862 20766 1
13374 20766 1
19529 20766 1
18695 8138 1
15933 8138 1
6466 20817 1
7633 20817 1
13376 20817 1
4832 20817 1
14533 20817 1
878 20817 1
3018 20817 1
16948 20817 1
21711 20817 1
290 14590 1
13026 14590 1
15428 14590 1
15530 14590 1
21376 14590 1
730 14590 1
5430 14590 1
8541 13933 1
3816 13933 1
7066 13933 1
878 17593 1
7081 10581 1
955 10581 1
19529 10581 1
10927 3174 1
11124 3174 1
9007 3174 1
14192 3174 1
4636 5106 1
1436 5106 1
21376 5106 1
14533 5106 1
878 5106 1
9797 5106 1
19263 6793 1
15218 15756 1
2022 15756 1
15064 15756 1
18764 15756 1
3019 15756 1
12021 15756 1
19938 15756 1
5174 15756 1
15812 15756 1
13201 15756 1
58 20715 1
13617 20715 1
13664 20715 1
15064 20715 1
5106 20715 1
19350 20715 1
19586 20715 1
9244 20715 1
12262 12021 1
6262 12021 1
13207 12021 1
3447 12021 1
7066 12021 1
8114 12021 1
10787 12021 1
9756 12021 1
17619 12021 1
10927 14192 1
8195 14192 1
13693 14192 1
11124 14192 1
16810 14192 1
2329 14192 1
3174 14192 1
20715 20859 1
13568 20859 1
3390 20859 1
4319 20859 1
19796 20859 1
16810 16061 1
13340 8564 1
14192 8564 1
21499 8564 1
12093 8564 1
6877 11654 1
18254 13564 1
21054 13564 1
17417 13564 1
8661 13564 1
3889 11117 1
13026 11117 1
13129 11117 1
15428 11117 1
5565 11117 1
6877 11117 1
13418 11117 1
13207 11117 1
7630 11117 1
21641 11117 1
19308 11117 1
14692 17619 1
12461 17619 1
878 17619 1
12021 17619 1
3447 17619 1
15756 5174 1
14533 5174 1
9797 5174 1
9572 16229 1
15826 16229 1
16545 16229 1
5627 16229 1
19496 16229 1
17588 16229 1
20981 16229 1
6703 16229 1
20520 16229 1
2340 16229 1
10708 16229 1
18364 16229 1
20997 16229 1
4820 16229 1
19364 16229 1
871 16229 1
21405 16229 1
15476 16229 1
21245 16229 1
6254 16229 1
6127 16229 1
9105 16229 1
8894 16229 1
1196 16229 1
20293 16229 1
18280 16229 1
2703 16229 1
3059 16229 1
7826 16229 1
10132 16229 1
19470 16229 1
10154 16229 1
19162 16229 1
10135 16229 1
18492 16229 1
10023 16229 1
14613 16229 1
11951 16229 1
20172 16229 1
12275 16229 1
18741 16229 1
19481 16229 1
6579 16229 1
19837 16229 1
3018 16229 1
8874 16229 1
12245 16229 1
40 16229 1
19615 16229 1
13933 16229 1
19330 16229 1
10787 16229 1
8564 16229 1
17917 16229 1
3635 16229 1
8284 16229 1
15673 16229 1
5773 14076 1
13772 14076 1
15217 14076 1
16647 14076 1
21245 14076 1
10132 14076 1
19162 14076 1
21405 14076 1
20981 4821 1
21094 4821 1
3076 4821 1
12848 4821 1
19481 4821 1
7933 4821 1
14773 21201 1
21354 21201 1
12465 21201 1
9572 21201 1
8756 21201 1
21094 21201 1
6316 21201 1
15826 21201 1
6137 21201 1
19162 21201 1
20293 20997 1
9604 20997 1
16647 20997 1
11567 18536 1
16647 18536 1
13853 18536 1
21405 8368 1
3635 8368 1
4821 8368 1
18364 8368 1
15991 8368 1
4112 8368 1
8005 8368 1
19481 8368 1
4665 8368 1
16647 19615 1
8138 19615 1
8729 19615 1
18834 19615 1
878 19615 1
10885 19615 1
4598 19615 1
15171 19615 1
3778 11567 1
5222 11567 1
14613 11567 1
8011 11567 1
10365 11567 1
7981 11567 1
18536 11567 1
6262 11567 1
21532 11567 1
14274 11567 1
10912 11567 1
3018 11567 1
2535 11567 1
12245 11567 1
8114 11567 1
20812 11567 1
2600 11567 1
2564 11567 1
12529 11567 1
13853 11567 1
16116 15217 1
5627 15217 1
5710 15217 1
12848 15217 1
10154 15217 1
18364 15217 1
19837 15217 1
12878 15217 1
13532 15217 1
18492 15217 1
1992 18636 1
2703 18636 1
12472 18636 1
20293 18636 1
17737 18636 1
11588 18636 1
13933 18636 1
18850 18636 1
12465 9105 1
10132 9105 1
19162 9105 1
16229 9105 1
7245 9105 1
6579 9105 1
20812 9105 1
19102 2572 1
10710 2572 1
6711 2572 1
16611 2572 1
11357 2572 1
19481 2703 1
20970 2703 1
19837 6352 1
18365 20293 1
12848 20293 1
1661 20293 1
10132 20293 1
21245 20293 1
12878 20293 1
8401 20293 1
5041 20293 1
15217 20293 1
19481 20293 1
18636 20293 1
10927 20293 1
4585 20293 1
19162 20293 1
15218 12461 1
21006 12461 1
5943 12461 1
13568 12461 1
1754 12461 1
458 12461 1
20812 12461 1
21061 12461 1
17619 12461 1
11449 12461 1
19837 17437 1
21322 17437 1
2572 17406 1
2132 4378 1
10710 4378 1
19102 6620 1
20488 6620 1
20097 2163 1
20293 20172 1
18695 20172 1
2791 20172 1
10023 17917 1
15673 17917 1
4585 17917 1
9604 19568 1
21201 8756 1
20293 8756 1
20293 8401 1
18916 9845 1
3256 3996 1
10023 4585 1
40 4585 1
10154 4585 1
5710 4585 1
8398 4585 1
18492 4585 1
17917 4585 1
12848 16295 1
8571 16295 1
4167 16295 1
7479 19078 1
1715 19078 1
2023 19078 1
5710 19078 1
10708 19078 1
20460 19078 1
4881 19078 1
14153 19078 1
7245 19078 1
4167 19078 1
18364 19078 1
4820 19078 1
13991 19078 1
13353 19078 1
17694 19078 1
18563 19078 1
19162 19078 1
4071 19078 1
19162 18334 1
12970 18334 1
16592 18334 1
17694 18334 1
15826 18334 1
8592 18334 1
18492 18334 1
14238 18334 1
6087 18334 1
19659 18334 1
10690 18563 1
19078 18563 1
17142 18563 1
4585 8398 1
12878 10885 1
20293 10885 1
19364 10885 1
8894 10885 1
10154 10885 1
21532 10885 1
3333 10885 1
3778 10885 1
15171 10885 1
5995 2933 1
6863 2933 1
2948 2933 1
6739 8144 1
12848 8144 1
8571 8144 1
12878 8144 1
13532 8144 1
14153 8144 1
12878 6538 1
14153 6538 1
6703 6538 1
18492 1013 1
13532 1013 1
2361 14789 1
13231 14789 1
12848 19412 1
17694 8592 1
19910 8592 1
4162 8592 1
10023 8592 1
20293 1661 1
12848 1661 1
8571 1661 1
19218 1661 1
8144 1661 1
7574 1661 1
12136 18260 1
8592 4235 1
15991 16116 1
970 13606 1
20981 13606 1
10990 13606 1
13532 13606 1
12848 8571 1
17917 7780 1
5676 8823 1
15407 8823 1
878 8823 1
12523 8823 1
14814 440 1
3050 11871 1
15530 11871 1
6648 11871 1
20597 11871 1
878 11871 1
4345 18766 1
19470 545 1
3989 545 1
18722 545 1
12549 545 1
7216 545 1
11873 545 1
7081 21468 1
21798 10987 1
13664 10987 1
8144 12848 1
16592 12848 1
8571 12848 1
18190 7066 1
16975 7066 1
21431 7066 1
12021 7066 1
3447 7066 1
13933 7066 1
17801 7066 1
3778 7066 1
6743 7066 1
13853 7066 1
17917 1035 1
10510 1035 1
5337 1035 1
12578 1035 1
18834 1035 1
3378 8868 1
20366 8868 1
13664 8868 1
364 8868 1
11807 8868 1
11860 8868 1
16346 12740 1
10581 12740 1
11503 8654 1
6579 8654 1
18834 8654 1
13768 8654 1
2379 8654 1
16592 6739 1
18492 20221 1
5946 20221 1
21797 13163 1
21942 13163 1
8473 13163 1
14013 13163 1
1035 10510 1
18909 10510 1
12578 10510 1
20368 10510 1
5627 12270 1
116 21132 1
10130 21132 1
878 21132 1
4248 21132 1
17500 21132 1
6706 14272 1
4133 18190 1
15008 18190 1
6466 18190 1
14454 18190 1
14753 18190 1
18160 18190 1
878 18190 1
7081 18190 1
7216 18190 1
20812 18190 1
13627 18190 1
20590 20368 1
20462 20368 1
6087 21138 1
18386 21138 1
5117 21138 1
2267 21138 1
7327 18916 1
9845 18916 1
10159 18916 1
7633 1926 1
6428 1926 1
15760 1926 1
7630 1926 1
11873 1926 1
18909 10468 1
18323 6187 1
3816 6948 1
7216 6948 1
6061 2862 1
3230 2862 1
6869 2862 1
14880 20462 1
19350 20462 1
20513 7483 1
10788 7483 1
4162 7483 1
13568 7483 1
821 7483 1
6122 7483 1
11986 7483 1
20488 7483 1
19796 7483 1
5480 7483 1
18870 7483 1
2163 7483 1
4659 5014 1
14617 5014 1
8916 5014 1
11402 5014 1
4642 5014 1
15933 5014 1
18764 20624 1
13664 20624 1
5162 20624 1
18509 15834 1
6648 15834 1
283 15834 1
8114 20746 1
15218 19350 1
21431 19350 1
20715 19350 1
1421 19350 1
18160 19350 1
21627 19350 1
20462 19350 1
3019 19350 1
15812 19350 1
4642 21867 1
10535 7630 1
7126 7630 1
3019 7630 1
4017 7630 1
4167 16722 1
506 16722 1
5014 16722 1
19659 16722 1
11871 16722 1
8541 16722 1
19837 16722 1
13129 3386 1
19746 21030 1
5178 21030 1
21203 21030 1
5850 21030 1
8241 21030 1
3018 8889 1
9346 8889 1
10191 8889 1
8715 8889 1
9244 8889 1
5864 2055 1
5872 2055 1
15218 5677 1
12275 5677 1
5337 5677 1
14274 5677 1
7630 5677 1
11558 5677 1
16948 5677 1
9244 5677 1
2600 5677 1
9140 20494 1
3989 20494 1
7630 20494 1
3018 20494 1
7800 17864 1
20461 17864 1
5864 7548 1
18695 7548 1
18722 7548 1
3018 7548 1
20462 7548 1
17500 7548 1
15218 18498 1
1120 18498 1
13568 18498 1
4319 18498 1
1789 18498 1
13933 18498 1
20812 18498 1
8195 5162 1
13568 5162 1
14628 5162 1
923 5162 1
16948 5162 1
20812 5162 1
20624 5162 1
5677 5162 1
6087 21721 1
7216 6458 1
16810 2938 1
12779 2938 1
15527 2938 1
21715 2938 1
7252 21542 1
283 21542 1
3908 21542 1
12692 21542 1
19837 18585 1
16819 7958 1
8992 7958 1
9772 7958 1
15068 7958 1
13886 7958 1
20655 20655 1
19837 6717 1
13664 10191 1
13568 10191 1
14274 10191 1
2267 10191 1
8889 10191 1
20113 10191 1
5313 11172 1
8544 11172 1
21006 9191 1
21532 9191 1
878 918 1
15218 918 1
13376 918 1
57 918 1
11882 918 1
10689 918 1
15527 8745 1
19837 11874 1
5342 11874 1
15218 11874 1
11871 11874 1
21431 11874 1
20715 11874 1
8980 11874 1
11117 11874 1
6262 11874 1
11726 11874 1
878 11874 1
14536 11874 1
9756 11874 1
9963 11874 1
16647 11874 1
14708 12970 1
197 12970 1
5254 12970 1
13498 12970 1
9140 12970 1
18334 12970 1
19162 12970 1
19837 12970 1
13991 12970 1
20142 12970 1
16592 12970 1
17694 12970 1
4071 12970 1
3406 12970 1
14613 11026 1
506 11026 1
18492 11026 1
878 11026 1
18722 21505 1
2022 19364 1
5022 19364 1
11449 19364 1
10349 19364 1
19109 19364 1
20727 19364 1
2136 2781 1
6711 2781 1
11357 22160 1
8889 9346 1
20825 9346 1
13664 16975 1
17188 16975 1
6648 16975 1
21715 16975 1
878 16975 1
8681 16975 1
7066 16975 1
13568 19773 1
6914 16388 1
21201 6316 1
10132 6316 1
20038 6316 1
14268 6316 1
15418 6316 1
11393 3719 1
17083 3719 1
10118 3719 1
12578 3719 1
19796 3719 1
545 7633 1
506 7633 1
8478 7633 1
1608 7633 1
3854 7633 1
13664 7633 1
14814 7633 1
21431 7633 1
12005 7633 1
20715 7633 1
10118 7633 1
210 7633 1
9463 7633 1
1926 7633 1
5792 7633 1
15685 7633 1
15760 7633 1
7630 7633 1
19837 7633 1
341 7633 1
4598 7633 1
9342 7633 1
18492 15418 1
12402 210 1
16810 7040 1
14692 7040 1
15428 7040 1
18948 7040 1
15933 7040 1
19796 7040 1
19162 1170 1
13664 20948 1
20113 5006 1
5014 5006 1
13157 5006 1
20054 10927 1
9797 21431 1
3019 21431 1
19350 21431 1
7066 21431 1
20812 21431 1
15826 12448 1
17723 4779 1
5014 4779 1
11393 4779 1
13271 4779 1
7684 4779 1
19659 4779 1
12927 4779 1
8089 4779 1
10118 4779 1
9639 4779 1
8541 4779 1
12578 4779 1
7630 4779 1
19837 4779 1
20462 4779 1
19796 4779 1
8592 4162 1
15527 8945 1
21431 8945 1
19350 8945 1
20812 8945 1
20812 20113 1
955 3059 1
3059 3059 1
19837 3059 1
17180 8976 1
5014 8976 1
17083 8976 1
15064 8976 1
18160 8976 1
12021 8976 1
14197 8976 1
9140 4379 1
17083 21469 1
1120 12691 1
20585 12691 1
19837 16902 1
4856 4856 1
6711 5564 1
16647 16837 1
506 5864 1
18386 5864 1
7455 5864 1
8089 5864 1
11581 5864 1
2055 5864 1
18747 5864 1
15756 18764 1
7464 18057 1
10611 18057 1
11021 18057 1
4595 12711 1
11124 12711 1
10050 12711 1
506 3752 1
18695 3752 1
7548 3752 1
7633 3752 1
22038 3752 1
4167 734 1
20636 734 1
20460 734 1
20636 15083 1
17694 15083 1
1291 15083 1
7455 15083 1
4167 15083 1
14194 15083 1
3752 22038 1
12402 22038 1
18850 22038 1
13538 10080 1
4167 7487 1
6087 19746 1
4932 19746 1
4981 19746 1
16018 9459 1
17188 20622 1
11335 20622 1
3019 20622 1
14383 20622 1
17801 20622 1
7327 15471 1
6061 15471 1
2948 18792 1
16222 18792 1
210 13784 1
11830 2426 1
5014 19877 1
7455 19877 1
2834 19877 1
18323 19877 1
18160 19877 1
10547 6087 1
21519 6087 1
10750 6087 1
1244 6087 1
21721 6087 1
3386 6087 1
3844 6087 1
16454 6087 1
20360 6087 1
21078 6087 1
19659 6087 1
16860 6087 1
14326 6087 1
13189 6087 1
18334 6087 1
1603 6087 1
19746 6087 1
20366 6087 1
4782 6087 1
21431 6087 1
12005 6087 1
149 6087 1
10010 6087 1
18408 6087 1
12071 6087 1
8541 6087 1
19837 6087 1
4469 6087 1
4642 6087 1
21505 6087 1
6075 6087 1
8609 6087 1
11860 6087 1
15897 21499 1
21431 21499 1
16715 21499 1
19837 21499 1
458 21499 1
8564 21499 1
17588 11993 1
3745 11993 1
13664 9243 1
9210 2994 1
13366 2621 1
21593 20429 1
3771 20429 1
14274 20429 1
2862 20429 1
8537 20429 1
10132 627 1
13538 15407 1
3073 15407 1
7800 15407 1
21078 15407 1
7487 15407 1
19934 15407 1
6137 15407 1
8823 15407 1
10581 15407 1
5313 14533 1
20817 14533 1
18695 14533 1
17188 14533 1
15064 14533 1
5106 14533 1
3019 14533 1
14499 14533 1
5174 14533 1
19586 14533 1
9244 14533 1
11449 14533 1
2600 14533 1
2992 14533 1
3771 2896 1
5634 2896 1
11449 2896 1
12402 5222 1
11449 5222 1
4779 19659 1
5014 19659 1
768 19659 1
19746 19659 1
8916 19659 1
20366 19659 1
13847 19659 1
15428 19659 1
20590 19659 1
16565 19659 1
19837 19659 1
17864 19659 1
14268 17180 1
17083 17180 1
1589 17180 1
8976 17180 1
16577 17180 1
21499 17180 1
17754 17180 1
13664 3393 1
18863 3393 1
13157 503 1
5014 8664 1
4779 17723 1
16647 17723 1
20402 18389 1
8410 8151 1
17180 4782 1
7647 5634 1
4779 12927 1
16577 12597 1
2938 1120 1
21406 1120 1
12691 1120 1
5027 9606 1
19837 14986 1
5014 14986 1
11393 5872 1
2055 5872 1
18323 11393 1
11619 20983 1
16647 18695 1
7548 18695 1
15141 18695 1
3752 18695 1
14533 18695 1
19837 18695 1
8138 18695 1
21006 20025 1
16647 20025 1
860 1698 1
10091 11951 1
6087 14665 1
21431 8817 1
15978 14692 1
3771 14692 1
17619 14692 1
7040 14692 1
5006 4133 1
1589 4133 1
20366 4133 1
13664 4133 1
21006 4133 1
6466 4133 1
5850 4133 1
12184 4133 1
11531 4133 1
18309 4133 1
4832 4133 1
12578 4133 1
3019 4133 1
3380 4133 1
3977 8089 1
10915 8089 1
878 8089 1
16948 1270 1
8089 3529 1
19863 13847 1
4480 13847 1
21006 8478 1
21030 8478 1
1840 8478 1
19837 8478 1
7826 8478 1
1317 8478 1
21431 10181 1
13664 875 1
14151 20127 1
2562 15908 1
13157 15908 1
18323 11067 1
1840 11067 1
6087 16860 1
6087 1603 1
16454 10494 1
19837 10494 1
15756 15064 1
8976 15064 1
20715 15064 1
6466 15064 1
9126 15064 1
3390 15064 1
18160 15064 1
4636 15064 1
12578 15064 1
14533 15064 1
13163 21797 1
3816 13086 1
7510 13189 1
20715 13617 1
9797 13617 1
5014 4659 1
13189 7510 1
18880 7746 1
3844 12662 1
5059 2834 1
6466 2834 1
13157 2834 1
7647 2834 1
10750 16965 1
13157 15870 1
15218 17188 1
16274 17188 1
11754 17188 1
14533 17188 1
923 17188 1
3447 17188 1
19586 17188 1
20812 17188 1
149 13330 1
4932 13330 1
7800 2595 1
5014 2595 1
8476 2595 1
21030 2595 1
9203 2595 1
16819 2595 1
21582 2595 1
21376 2595 1
16948 2595 1
7630 17915 1
10365 18323 1
20366 18323 1
6187 18323 1
6877 18323 1
17803 18323 1
18160 12155 1
3019 12155 1
15998 256 1
15908 2562 1
3977 2562 1
8089 2562 1
20366 2562 1
5850 2562 1
19490 19701 1
11402 19701 1
6214 19701 1
21376 19701 1
3397 19701 1
5014 14617 1
18233 18909 1
10468 18909 1
11726 17039 1
7447 8991 1
4585 8991 1
14617 13575 1
11871 3050 1
19659 768 1
9463 768 1
21006 7376 1
17180 16577 1
12597 16577 1
2562 20366 1
4133 20366 1
6466 20366 1
5850 20366 1
10761 20366 1
2595 8476 1
8089 8476 1
14692 3771 1
2896 3771 1
1120 21406 1
7647 4718 1
18695 15141 1
20488 20714 1
16948 10251 1
17917 10251 1
16150 5792 1
20366 5850 1
4133 5850 1
10761 5850 1
20652 22158 1
5313 22158 1
22038 22158 1
15756 9244 1
945 9244 1
14533 9244 1
8889 9244 1
11334 9244 1
7070 14935 1
19863 4480 1
321 4480 1
9338 4480 1
3018 4480 1
8621 4480 1
15933 4480 1
9572 3380 1
58 3380 1
17500 3380 1
19796 3380 1
17362 7126 1
21431 7126 1
5565 7126 1
11117 7126 1
21532 7126 1
14533 7126 1
7630 7126 1
8889 7126 1
8114 7126 1
8559 16948 1
5313 16948 1
1270 16948 1
2022 16948 1
12005 16948 1
19097 16948 1
3447 16948 1
19744 16948 1
1789 16948 1
2108 16948 1
11931 21641 1
3203 923 1
15064 923 1
878 923 1
283 923 1
16647 13451 1
2999 13451 1
7630 10535 1
12021 10535 1
21006 13026 1
14590 13026 1
16274 13026 1
19837 13768 1
8654 13768 1
11157 13768 1
17368 6380 1
13568 12262 1
821 12262 1
12021 12262 1
19837 19879 1
10118 14730 1
3390 14730 1
14753 17417 1
21054 17417 1
13564 17417 1
13853 11860 1
319 15171 1
14150 15171 1
2564 15171 1
3262 14594 1
8681 19103 1
17324 8011 1
15218 15812 1
15756 15812 1
19350 15812 1
9007 15812 1
7854 2812 1
11807 4315 1
13886 7181 1
13876 7181 1
7191 20320 1
16647 20320 1
19837 7229 1
15218 168 1
20077 1952 1
10365 10130 1
5178 10130 1
19837 17787 1
15475 7453 1
13853 14197 1
15428 12351 1
13964 6580 1
7455 10271 1
17393 9113 1
15475 9113 1
21431 10335 1
21030 10335 1
16350 10335 1
16819 10335 1
21582 10335 1
9772 10335 1
15068 10335 1
13886 10335 1
5014 14814 1
21006 14814 1
19837 14814 1
440 14814 1
5178 12989 1
7126 11558 1
10891 11558 1
5677 11558 1
5014 11402 1
21431 11402 1
16350 11402 1
16819 11402 1
6092 11402 1
21582 11402 1
21376 11402 1
19837 11402 1
2792 10891 1
11558 10891 1
8644 8118 1
16452 8118 1
14687 8118 1
18650 8118 1
5337 19529 1
878 19529 1
9007 19529 1
16810 19529 1
10581 19529 1
20488 3184 1
16452 10816 1
20997 19425 1
11357 19425 1
13568 19425 1
7229 19425 1
40 19425 1
7483 19425 1
50 19425 1
6137 19425 1
18870 19425 1
6458 7216 1
20812 7216 1
878 15947 1
5471 3880 1
15560 12681 1
15826 17004 1
11072 9349 1
21131 9349 1
19837 9349 1
21061 9349 1
3174 9007 1
13353 9007 1
15218 9007 1
878 9007 1
15812 9007 1
19529 9007 1
12878 20590 1
13568 20590 1
21532 20590 1
14274 20590 1
20368 20590 1
19744 20590 1
21542 7252 1
15064 3390 1
11986 3390 1
8114 3390 1
12998 3390 1
2022 14628 1
6262 14628 1
8945 20812 1
12461 20812 1
12275 20812 1
18190 20812 1
21431 20812 1
4743 20812 1
7216 20812 1
458 20812 1
4022 20812 1
3397 20812 1
8473 20812 1
20734 20812 1
2906 20812 1
20113 20812 1
5561 20812 1
16452 20788 1
16452 9657 1
14687 9657 1
20788 9657 1
18650 9657 1
12578 16715 1
11654 3507 1
9203 3507 1
5178 3507 1
14687 8644 1
11106 17169 1
8644 14687 1
21623 11738 1
20590 11738 1
1952 20077 1
18190 13627 1
14753 13627 1
8644 16452 1
1810 16452 1
14687 16452 1
9657 16452 1
20665 10787 1
3018 10787 1
12021 10787 1
15064 4636 1
14590 4636 1
1436 4636 1
5106 4636 1
21376 4636 1
730 4636 1
5430 4636 1
8661 4636 1
12005 18734 1
4029 3191 1
1104 18740 1
3778 18870 1
3073 18870 1
2992 18870 1
14272 18870 1
20461 13585 1
10135 3778 1
7066 3778 1
7826 3778 1
18870 3778 1
16965 13886 1
16819 13886 1
9772 13886 1
7958 13886 1
7181 13886 1
19746 4932 1
19701 4932 1
13330 4932 1
149 4932 1
17016 4932 1
6092 4932 1
321 4932 1
17743 4932 1
16401 4932 1
15933 21131 1
2493 21131 1
3018 2693 1
13853 2693 1
19701 12617 1
6723 12617 1
9203 12617 1
149 12617 1
16819 12617 1
10535 12617 1
16401 12617 1
13568 12617 1
21584 12617 1
149 584 1
17016 584 1
6092 584 1
321 584 1
4932 584 1
7229 584 1
3889 6092 1
149 6092 1
321 6092 1
4932 6092 1
16401 6092 1
11053 74 1
11117 15946 1
2185 15946 1
10132 3989 1
19837 3989 1
19097 3989 1
5413 13902 1
21497 13902 1
10171 13902 1
10171 19942 1
14613 18722 1
3989 18722 1
3816 18722 1
7216 18722 1
21505 18722 1
3507 12162 1
20599 12162 1
21006 17962 1
5396 4619 1
13129 13939 1
923 13939 1
14533 260 1
2600 260 1
12093 11449 1
5222 11449 1
2896 11449 1
12461 11449 1
21715 11449 1
21061 11449 1
19364 11449 1
2906 11449 1
2600 11449 1
17739 11449 1
3989 17408 1
10132 9495 1
16545 9495 1
7826 9495 1
21384 9495 1
13387 9495 1
6871 9495 1
12472 9495 1
7859 9495 1
18190 9495 1
6458 9495 1
4585 9495 1
15933 9495 1
20812 9495 1
13627 9495 1
20113 9495 1
11449 9495 1
13664 14880 1
20462 14880 1
12801 17103 1
7216 1690 1
2906 1690 1
6579 14697 1
15933 14697 1
11871 20597 1
9582 20597 1
13847 15543 1
5014 11254 1
21006 11254 1
19364 4345 1
1690 4345 1
16678 4345 1
6464 4345 1
21532 13853 1
7066 13853 1
2693 13853 1
14197 13853 1
2791 15132 1
10132 2791 1
15132 2791 1
15834 6648 1
20165 6648 1
15218 6648 1
15475 6648 1
8114 6648 1
2812 6648 1
21715 21134 1
7455 3794 1
6420 7532 1
21006 7532 1
8478 7506 1
1926 6428 1
7630 6428 1
13847 19863 1
9338 19863 1
18160 19863 1
21376 19863 1
2600 2108 1
17004 940 1
5222 940 1
9113 5644 1
15218 10349 1
19364 10349 1
3019 11482 1
21431 15428 1
11117 15428 1
12351 15428 1
20665 15428 1
7126 15428 1
5106 15428 1
19837 15428 1
7040 15428 1
5382 11335 1
11684 11335 1
8980 11335 1
13129 11335 1
8782 11335 1
15530 11335 1
11117 11335 1
7630 11335 1
19837 11335 1
8681 11335 1
21030 8002 1
16819 8002 1
21582 8002 1
19863 18160 1
15064 18160 1
18190 18160 1
19350 18160 1
14753 2600 1
21532 2600 1
878 2600 1
19837 2600 1
7066 2600 1
11449 2600 1
2108 2600 1
3393 2206 1
3989 19097 1
8681 19097 1
3019 19097 1
9639 1940 1
14121 13224 1
15933 2786 1
6743 2901 1
5299 17728 1
9442 16305 1
15933 10420 1
12144 16106 1
7800 2906 1
13664 2906 1
3397 2906 1
18767 2906 1
1690 2906 1
11449 2906 1
15218 2022 1
6262 2022 1
14628 2022 1
16948 2022 1
19364 2022 1
4981 2022 1
21431 3019 1
1421 3019 1
21532 3019 1
11482 3019 1
7630 3019 1
19097 3019 1
12021 12481 1
3447 12481 1
2481 12481 1
19701 21376 1
1436 21376 1
730 21376 1
5430 21376 1
8478 4335 1
12617 9203 1
149 9203 1
12989 9203 1
20590 9203 1
3507 9203 1
878 17801 1
6458 17801 1
12021 17801 1
7066 17801 1
8614 15606 1
16452 11252 1
5337 19857 1
4010 19857 1
20366 13465 1
13129 17243 1
16819 17243 1
3018 17820 1
17188 3447 1
16948 3447 1
12021 3447 1
7066 3447 1
17619 3447 1
13902 5413 1
21641 5413 1
878 7977 1
18254 9126 1
15064 9126 1
6711 14212 1
4480 14753 1
14274 14753 1
19629 14753 1
13627 14753 1
735 1776 1
11124 8989 1
3174 8989 1
20278 8989 1
6352 8989 1
6061 13340 1
21431 18811 1
14789 13231 1
10788 13231 1
10689 6752 1
11449 17739 1
15897 17211 1
9771 10203 1
6711 16222 1
2785 2785 1
13568 2785 1
10710 2785 1
12878 5946 1
3203 5946 1
3908 5946 1
16350 17282 1
20293 8894 1
14371 8894 1
18636 11588 1
2022 11588 1
18741 11588 1
16647 11588 1
2703 20970 1
518 6768 1
18323 14912 1
14192 2329 1
8558 2291 1
5941 2291 1
11882 2291 1
5109 19247 1
12692 3230 1
2862 3230 1
12402 7042 1
2938 11013 1
878 17025 1
20460 14788 1
6738 14788 1
13353 8729 1
14977 8614 1
15606 8614 1
6526 10948 1
6322 6322 1
4595 17474 1
14371 17474 1
10132 3245 1
20054 3245 1
14150 13547 1
3245 20054 1
15527 20054 1
10927 20054 1
8869 20054 1
1196 19447 1
2933 2948 1
5313 6262 1
2022 6262 1
12021 6262 1
6711 1826 1
10969 6181 1
20054 8869 1
22116 5051 1
13387 6871 1
19837 853 1
16400 853 1
12941 853 1
17243 13129 1
11117 13129 1
13606 10990 1
15008 14278 1
13532 2340 1
13532 20534 1
8592 1583 1
22076 1583 1
8592 19716 1
853 12941 1
8868 3378 1
5773 5773 1
15563 15563 1
4112 13010 1
12848 19218 1
8571 19218 1
8804 980 1
19102 5469 1
16611 1385 1
22018 22018 1
17694 16773 1
16229 16773 1
9304 16592 1
2023 16592 1
3635 16592 1
16592 16592 1
13498 16592 1
19162 16592 1
18334 16592 1
4167 16592 1
10154 16592 1
9140 16592 1
12970 16592 1
10690 16592 1
6739 16592 1
12848 16592 1
16545 16592 1
19102 7122 1
5002 4540 1
19950 8293 1
13991 8293 1
19637 13779 1
5337 4010 1
11996 4010 1
19857 4010 1
19162 12136 1
142 12136 1
7633 15760 1
1926 15760 1
17694 9920 1
1715 9920 1
7826 14493 1
20460 19128 1
19950 19128 1
19078 19128 1
1715 21817 1
2953 2953 1
19350 21627 1
20624 21627 1
911 21627 1
19837 13664 1
14880 13664 1
13231 10788 1
6871 13387 1
3371 15933 1
10420 15933 1
11335 6467 1
3397 8541 1
2834 6466 1
20817 6466 1
15064 6466 1
18190 6466 1
19837 6466 1
18323 6877 1
20665 6877 1
8541 3397 1
13129 16350 1
15374 16350 1
6877 16350 1
13207 16350 1
321 149 1
4932 149 1
11871 15530 1
8782 15530 1
20665 15530 1
17583 15530 1
4187 8694 1
5006 13157 1
3397 13157 1
18160 3180 1
7647 3180 1
878 3180 1
66 57 1
7304 57 1
15428 20665 1
6877 20665 1
20320 7191 1
18323 17803 1
8478 1840 1
11067 1840 1
11503 18834 1
8654 18834 1
5313 9756 1
12021 9756 1
1436 7304 1
19837 7304 1
8581 821 1
12262 821 1
980 821 1
1589 12578 1
19837 12578 1
20812 5561 1
3397 5561 1
12878 8804 1
4642 8804 1
8694 4187 1
7327 15286 1
10689 7319 1
21627 911 1
16350 21584 1
57 21584 1
18160 21584 1
9797 21584 1
9797 13376 1
3018 13376 1
20597 9582 1
21203 20264 1
19837 20264 1
11334 11568 1
12461 21061 1
11449 21061 1
18233 5178 1
12989 5178 1
11619 5178 1
3507 5178 1
10008 18265 1
3018 15085 1
15812 16346 1
15756 19938 1
654 12086 1
11335 14093 1
19837 14093 1
3019 1421 1
7630 3867 1
20997 9604 1
19863 9338 1
4480 9338 1
14753 19629 1
4932 17016 1
14365 17016 1
13330 14365 1
16401 14365 1
6092 16401 1
4932 16401 1
14365 16401 1
14454 16401 1
2185 16401 1
21641 11931 1
11293 2886 1
20585 2886 1
8478 1317 1
7483 1317 1
13902 10171 1
8002 21582 1
16819 21582 1
19661 1436 1
5106 1436 1
21376 1436 1
730 1436 1
11811 1436 1
5430 1436 1
7304 1436 1
17728 5299 1
1436 5430 1
21376 5430 1
11558 5430 1
21085 18000 1
7327 16259 1
4480 8621 1
9346 5354 1
20913 21544 1
20406 6950 1
149 321 1
6092 321 1
4932 321 1
4480 321 1
5178 11619 1
878 14845 1
15530 8782 1
17039 11726 1
8681 5269 1
21030 8241 1
4932 17743 1
321 3261 1
4932 3261 1
14274 5513 1
9203 17397 1
14365 14454 1
16401 14454 1
16401 2185 1
12461 1754 1
13568 1754 1
10891 2792 1
6711 15027 1
8681 16436 1
16350 13207 1
11117 13207 1
12021 13207 1
12015 7326 1
7181 13876 1
17243 16819 1
8002 16819 1
21582 16819 1
9772 16819 1
15068 16819 1
7958 16819 1
13886 16819 1
16819 9772 1
7958 9772 1
4636 730 1
1436 730 1
21376 730 1
5430 730 1
16350 15374 1
9126 18254 1
21054 18254 1
17417 18254 1
13564 18254 1
3390 11986 1
878 16410 1
11117 13418 1
878 13418 1
19837 11996 1
4010 11996 1
14789 2361 1
5751 14066 1
21476 17329 1
14533 19110 1
4718 7647 1
2834 7647 1
13664 364 1
17169 11106 1
8473 11106 1
1436 19661 1
4133 11531 1
21532 6482 1
11293 20585 1
2886 20585 1
12691 20585 1
21203 586 1
10159 3601 1
3507 20599 1
19584 5825 1
5825 19584 1
16715 5116 1
12578 5116 1
15184 15887 1
19837 16662 1
12578 18441 1
5792 16150 1
15476 16150 1
15476 17606 1
16452 18650 1
9657 18650 1
8644 21794 1
6877 21794 1
16452 21794 1
14687 21794 1
18650 21794 1
16865 9265 1
15805 14383 1
6122 19786 1
20366 10761 1
5850 10761 1
768 9463 1
923 8661 1
16452 1810 1
4469 1810 1
4642 1810 1
8005 1207 1
17083 8391 1
12617 6723 1
18948 17983 1
1810 4469 1
7958 15068 1
13886 15068 1
15027 10615 1
1436 18161 1
13902 21497 1
3397 4022 1
735 21043 1
821 8581 1
10 9 1
17188 16274 1
6466 15975 1
21061 15975 1
10196 7476 1
7476 10196 1
7746 16595 1
21794 1069 1
9 10 1
15933 19100 1
15933 3371 1
2201 2895 1
4598 10008 1
21383 21383 1
